293.753818 0
294.5642113164 0
295.3745252656 0
296.1847598476 0
296.9949150624 0.528907492054654
297.80499091 0.842678342419848
298.6149873904 0.815272292951521
299.4249045036 0.833852793278199
300.2347422496 0.681207581999532
301.0445006284 0.496916986577646
301.85417964 0.483363683164483
302.6637792844 0.42886174649303
303.4732995616 0.377788677256296
304.2827404716 0.438491418126677
305.0921020144 0.495863823952768
305.90138419 0.586220198055233
306.7105869984 0.569888879477868
307.5197104396 0.520132136415362
308.3287545136 0.600443663520511
309.1377192204 0.678078611175173
309.94660456 0.568892562494935
310.7554105324 0.581369496996087
311.5641371376 0.453461556695183
312.3727843756 0.442602789571422
313.1813522464 0.432156293742037
313.98984075 0.421536098122744
314.7982498864 0.358712472108905
315.6065796556 0.373818764087108
316.4148300576 0.414039363183557
317.2230010924 0.333667320515779
318.03109276 0.23248708211677
318.8391050604 0.432111364546683
319.6470379936 0.400305780691915
320.4548915596 0.435741156145339
321.2626657584 0.426012881274762
322.07036059 0.413820787781267
322.8779760544 0.444714783327217
323.6855121516 0.491127096250483
324.4929688816 0.553185473904289
325.3003462444 0.51824447108443
326.10764424 0.52017534302378
326.9148628684 0.552338721893056
327.7220021296 0.499196404949059
328.5290620236 0.533219010654186
329.3360425504 0.549385603656834
330.14294371 0.532403469016828
330.9497655024 0.501879087562749
331.7565079276 0.431080402845881
332.5631709856 0.392781108435048
333.3697546764 0.369937624116239
334.176259 0.401358510778204
334.9826839564 0.418380784325874
335.7890295456 0.432111548799241
336.5952957676 0.434340258305677
337.4014826224 0.463197012042275
338.20759011 0.480014198957556
339.0136182304 0.55226787318387
339.8195669836 0.609455366339473
340.6254363696 0.724168724737669
341.4312263884 0.811265249453363
342.23693704 0.861351898958518
343.0425683244 0.954267869014539
343.8481202416 1.03118193432637
344.6535927916 1.14126462759377
345.4589859744 1.25769836254216
346.26429979 1.34216690163444
347.0695342384 1.46571429789385
347.8746893196 1.55745299513626
348.6797650336 1.6940402539499
349.4847613804 1.80129185866747
350.28967836 1.93603227456942
351.0945159724 2.11325102488399
351.8992742176 2.27771209318066
352.7039530956 2.57787845368599
353.5085526064 2.88632575289207
354.31307275 3.31058028779223
355.1175135264 3.85308919818218
355.9218749356 4.60400906467724
356.7261569776 5.60213790092938
357.5303596524 6.87504702479398
358.33448296 8.48462100850366
359.1385269004 10.5123576830165
359.9424914736 12.9452539961841
360.7463766796 15.7251625322127
361.5501825184 18.8005317503714
362.35390899 22.173840057253
363.1575560944 25.6731483393084
363.9611238316 29.1090397905983
364.7646122016 32.5819284552978
365.5680212044 35.692607844834
366.37135084 38.3210214772985
367.1746011084 40.3748999031381
367.9777720096 42.1591796954269
368.7808635436 43.1282917862515
369.5838757104 43.3651831237067
370.38680851 43.1599433373144
371.1896619424 42.4681102120425
371.9924360076 41.2345948163581
372.7951307056 39.7455390736264
373.5977460364 38.1517577716455
374.400282 36.3454859281053
375.2027385964 34.2249153830691
376.0051158256 32.1092402113421
376.8074136876 30.2444003743256
377.6096321824 28.4793916583989
378.41177131 26.7587546941432
379.2138310704 24.888960288636
380.0158114636 22.9326560547069
380.8177124896 21.0295909221201
381.6195341484 19.1012641670327
382.42127644 17.3405926751504
383.2229393644 15.6753648096123
384.0245229216 14.1427713747118
384.8260271116 12.704667749921
385.6274519344 11.3703773153043
386.42879739 10.1892284291116
387.2300634784 9.08850414473039
388.0312501996 8.04068092878008
388.8323575536 7.13949965665504
389.6333855404 6.41034037671221
390.43433416 5.73882114264692
391.2352034124 5.12251483424301
392.0359932976 4.58152955588823
392.8367038156 4.03993747585209
393.6373349664 3.54801805605429
394.43788675 3.12216198960801
395.2383591664 2.72865839930757
396.0387522156 2.41839180037041
396.8390658976 2.15032118442513
397.6393002124 1.92499420489416
398.43945516 1.69355151159828
399.2395307404 1.49248444147777
400.0395269536 1.31669221089011
400.8394437996 1.15444167455079
401.6392812784 1.02476752082407
402.43903939 0.901739300056969
403.2387181344 0.795978541412757
404.0383175116 0.719682098426525
404.8378375216 0.663565787829106
405.6372781644 0.599242813829032
406.43663944 0.546783061052591
407.2359213484 0.493359110314968
408.0351238896 0.448850401447461
408.8342470636 0.408225764017598
409.6332908704 0.375813697627672
410.43225531 0.353582402583685
411.2311403824 0.323090054133092
412.0299460876 0.29140352012566
412.8286724256 0.271573548636756
413.6273193964 0.243859008646034
414.425887 0.2317328018375
415.2243752364 0.222051206421668
416.0227841056 0.218856117455198
416.8211136076 0.211744873016515
417.6193637424 0.196889137050596
418.41753451 0.188402140435939
419.2156259104 0.174345761471262
420.0136379436 0.172153287789208
420.8115706096 0.173795765396708
421.6094239084 0.171664816038838
422.40719784 0.165910043492943
423.2048924044 0.162109980980438
424.0025076016 0.149442654881032
424.8000434316 0.144159025099093
425.5974998944 0.133734678801677
426.39487699 0.133997664612829
427.1921747184 0.129065802520759
427.9893930796 0.129300045297826
428.7865320736 0.121155740478938
429.5835917004 0.113190968190191
430.38057196 0.111959062536691
431.1774728524 0.117273547686384
431.9742943776 0.114431225505394
432.7710365356 0.121175087306057
433.5676993264 0.115146472886753
434.36428275 0.117026257696113
435.1607868064 0.114212481391622
435.9572114956 0.117587042445257
436.7535568176 0.113331319614963
437.5498227724 0.11511599013239
438.34600936 0.115366695964853
439.1421165804 0.114144671947374
439.9381444336 0.110057991053494
440.7340929196 0.110342755740269
441.5299620384 0.106379197474668
442.32575179 0.105318241094238
443.1214621744 0.108467618650638
443.9170931916 0.111553093746437
444.7126448416 0.111856848620826
445.5081171244 0.113521549277204
446.30351004 0.116511273546115
447.0988235884 0.118132057130518
447.8940577696 0.117108433177838
448.6892125836 0.11479503283773
449.4842880304 0.115093851094807
450.27928411 0.110247247374504
451.0742008224 0.111845175841196
451.8690381676 0.107103342919511
452.6637961456 0.108667260115119
453.4584747564 0.107710955799544
454.253074 0.106746614510599
455.0475938764 0.104536866940438
455.8420343856 0.105958149229545
456.6363955276 0.102564270288604
457.4306773024 0.102778828674016
458.22487971 0.0983027109752928
459.0190027504 0.102016076060741
459.8130464236 0.0999206625152424
460.6070107296 0.0978666991280149
461.4008956684 0.093601658861245
462.19470124 0.0894168109476902
462.9884274444 0.0897520337041726
463.7820742816 0.0901092447882056
464.5756417516 0.0883043753150538
465.3691298544 0.0876281772709088
466.16253859 0.0869901105438616
466.9558679584 0.0885117170440689
467.7491179596 0.0889726651941285
468.5422885936 0.0926076535819269
469.3353798604 0.0962294564078316
470.12839176 0.0998455242252037
470.9213242924 0.102421846430621
471.7141774576 0.0998363004687942
472.5069512556 0.0993573989700808
473.2996456864 0.095835984642433
474.09226075 0.0943700957478959
474.8847964464 0.090888398426921
475.6772527756 0.0894486086762123
476.4696297376 0.0860238035497258
477.2619273324 0.0836077839580166
478.05414556 0.0811911800792605
478.8462844204 0.0777815487081366
479.6383439136 0.0734004459679048
480.4303240396 0.0758594384390201
481.2222247984 0.0792311843483045
482.01404619 0.081582442687832
482.8057882144 0.0819806558391788
483.5974508716 0.084241270418668
484.3890341616 0.0836374392987308
485.1805380844 0.0867578584032441
485.97196264 0.0851805648764222
486.7633078284 0.0863743705847396
487.5545736496 0.0848231100514123
488.3457601036 0.0869232388269099
489.1368671904 0.0845026492214322
489.92789491 0.0803317042566049
490.7188432624 0.0771035993356847
491.5097122476 0.0783305072686378
492.3005018656 0.0777918296725633
493.0912121164 0.0789935145610217
493.881843 0.0750161885358635
494.6723945164 0.0736528435693555
495.4628666656 0.0731686069650013
496.2532594476 0.0743794181257095
497.0435728624 0.0747371239022645
497.83380691 0.0759378471259913
498.6239615904 0.0737972489098855
499.4140369036 0.0716862669564518
500.2040328496 0.0728826662705064
500.9939494284 0.0748812521967265
501.78378664 0.0760602720563612
502.5735444844 0.0764310954101066
503.3632229616 0.0768119087121305
504.1528220716 0.0756062355853386
504.9423418144 0.0712430545513789
505.73178219 0.0684970217807308
506.5211431984 0.0681398801440064
507.3104248396 0.0677952125240212
508.0996271136 0.0697751694407318
508.8887500204 0.0671202793761309
509.67779356 0.0637330842858465
510.4667577324 0.0634429017414252
511.2556425376 0.0631587904921058
512.0444479756 0.0613708393019503
512.8331740464 0.0611091218387289
513.62182075 0.0630978631492796
514.4103880864 0.0628348423731104
515.1988760556 0.0625775060948215
515.9872846576 0.0652791386665754
516.7756138924 0.0635335771015309
517.56386376 0.0639929290389662
518.3520342604 0.0637065475203016
519.1401253936 0.0604994918005322
519.9281371596 0.0602060211668723
520.7160695584 0.0620710979954606
521.50392259 0.0624751884425161
522.2916962544 0.0650263518851379
523.0793905516 0.0661252191317717
523.8670054816 0.0622593998734173
524.6545410444 0.0598480733070364
525.44199724 0.0595698777401379
526.2293740684 0.0586086207496321
527.0166715296 0.0590587213449033
527.8038896236 0.0602149710045356
528.5910283504 0.0606892579968712
529.37808771 0.0591250601231454
530.1650677024 0.0555348669761906
530.9519683276 0.0533490897782392
531.7387895856 0.0546144311275185
532.5255314764 0.0579261057763141
533.312194 0.0571589199526293
534.0987771564 0.0577693006898454
534.8852809456 0.0570287892211713
535.6717053676 0.0535841012163428
536.4580504224 0.0528526114549744
537.24431611 0.0507654956566823
538.0305024304 0.0513801346697023
538.8166093836 0.0519726286151058
539.6026369696 0.0511978366001015
540.3885851884 0.0477216632840117
541.17445404 0.0449184053420423
541.9602435244 0.0461252130582351
542.7459536416 0.0453054327983249
543.5315843916 0.0451407367673763
544.3171357744 0.0476142236025732
545.10260779 0.0461025760419644
545.8880004384 0.0459015582007478
546.6733137196 0.0463514995058009
547.4585476336 0.0474442010029785
548.2437021804 0.047884860640455
549.02877736 0.048959717130686
549.8137731724 0.0493859708806784
550.5986896176 0.0479026145504166
551.3835266956 0.0483401426219163
552.1682844064 0.0468791518050794
552.95296275 0.0485814432934924
553.7375617264 0.0490186011161604
554.5220813356 0.0488399845202061
555.3065215776 0.0474118353839164
556.0908824524 0.0478615035663619
556.87516396 0.0476901463946063
557.6593661004 0.0462883845613103
558.4434888736 0.0461291353158048
559.2275322796 0.0453578488320457
560.0114963184 0.0464276846375446
560.79538099 0.045055840395943
561.5791862944 0.0418738049711138
562.3629122316 0.0411383781316341
563.1465588016 0.0416108481312723
563.9301260044 0.043285454359442
564.71361384 0.0419579252824917
565.4970223084 0.0412404990610893
566.2803514096 0.0423173973702297
567.0636011436 0.0427967007155489
567.8467715104 0.0420915641473617
568.62986251 0.0407995792690664
569.4128741424 0.0418753879128667
570.1958064076 0.0435334309453859
570.9786593056 0.0451879945026713
571.7614328364 0.0444979124848956
572.544127 0.0426399534483689
573.3267417964 0.0425381421625922
574.1092772256 0.0418529030361159
574.8917332876 0.0400160897572047
575.6741099824 0.0393480022744161
576.45640731 0.0386827712997278
577.2386252704 0.0374439951829367
578.0207638636 0.0385138685049373
578.8028230896 0.0367136538706261
579.5848029484 0.0343503623381768
580.36670344 0.0354301957610068
581.1485245644 0.0353678510404129
581.9302663216 0.0341661032631684
582.7119287116 0.0341101267393196
583.4935117344 0.0329205716375701
584.27501539 0.0334330346779097
585.0564396784 0.033946132454524
585.8377845996 0.0361551999508279
586.6190501536 0.0338490463184594
587.4002363404 0.0338029379531437
588.18134316 0.03319483020126
588.9623706124 0.0325887604850047
589.7433186976 0.0314287465822893
590.5241874156 0.031393670100836
591.3049767664 0.0313598546640711
592.08568675 0.0330079545656914
592.8663173664 0.0307440785865692
593.6468686156 0.0279285607590931
594.4273404976 0.0251188845415103
595.2077330124 0.0267747134250134
595.98804616 0.0256403709434966
596.7682799404 0.0272954317985294
597.5484343536 0.0267198701031499
598.3285093996 0.0261428500178108
599.1085050784 0.0250101521473022
599.88842139 0.0244341386827324
600.6682583344 0.0255207183838444
601.4480159116 0.0266025921605862
602.2276941216 0.0287872193545159
603.0072929644 0.0276453400941796
603.78681244 0.0253997284500896
604.5662525484 0.0259166059745737
605.3456132896 0.024777218808558
606.1248946636 0.02473514589596
606.9040966704 0.0246918378523354
607.68321931 0.0240978063220919
608.4622625824 0.024050112539807
609.2412264876 0.0212724585419834
610.0201110256 0.0217723074240652
610.7989161964 0.0217249835896039
611.577642 0.0233073649281519
612.3562884364 0.0254235869335326
613.1348555056 0.0237551229536188
613.9133432076 0.0231742143090665
614.6917515424 0.0215230967901011
615.47008051 0.0214969865671842
616.2483301104 0.0230888774160224
617.0265003436 0.0225383254077192
617.8045912096 0.0219942299623502
618.5826027084 0.0198458091964486
619.36053484 0.0203862420075848
620.1383876044 0.0203967833995437
620.9161610016 0.0198764723802089
621.6938550316 0.0220458833824493
622.4714696944 0.0236877205128704
623.24900499 0.0231784248254735
624.0264609184 0.0232091385214904
624.8038374796 0.0210796141083664
625.5811346736 0.0205654228462001
626.3583525004 0.02276107987916
627.13549096 0.0244166508825833
627.9125500524 0.0222693520719781
628.6895297776 0.021747962424349
629.4664301356 0.0206771473448928
630.2432511264 0.0201473386240031
631.01999275 0.0179791278084237
631.7966550064 0.0190773532667137
632.5732378956 0.0190849847976369
633.3497414176 0.0207289142953699
634.1261655724 0.0190989612869235
634.90251036 0.0174659236229276
635.6787757804 0.0180176258495222
636.4549618336 0.0180227484666323
637.2310685196 0.018574211805596
638.0070958384 0.0180350376160953
638.78304379 0.0169477469193159
639.5589123744 0.016953928712516
640.3347015916 0.0175102321092464
641.1104114416 0.0169697958182428
641.8860419244 0.0147855776950047
642.66159304 0.0164349900775429
643.4370647884 0.0158952183227636
644.2124571696 0.0137105865985223
644.9877701836 0.0137189675275257
645.7630038304 0.0131787593939062
646.53815811 0.0137349929543332
647.3132330224 0.0120940043385416
648.0882285676 0.0110030685619813
648.8631447456 0.00935861015200708
649.6379815564 0.00881414739744249
650.412739 0.0093729783303957
651.1874170764 0.00882824204402456
651.9620157856 0.0082818329726973
652.7365351276 0.00884044757906659
653.5109751024 0.00995291349110095
654.28533571 0.00885364213200584
655.0596169504 0.00830626346952147
655.8338188236 0.0105298383178963
656.6079413296 0.0110935774390644
657.3819844684 0.0105474872296983
658.15594824 0.0105562404504406
658.9298326444 0.0116767771629863
659.7036376816 0.0111293167528788
660.4773633516 0.0122540817244955
661.2510096544 0.0105934984675935
662.02457659 0.0083707290085331
662.7980641584 0.00837810447909762
663.5714723596 0.00838634876985869
664.3448011936 0.00727559802600847
665.1180506604 0.00728292027479383
665.89122076 0.00616837741165751
666.6643114924 0.00673590376401257
667.4373228576 0.00561873285604753
668.2102548556 0.00450008791735859
668.9831074864 0.0039418197720771
669.75588075 0.00450955531510753
670.5285746464 0.00507832758477011
671.3011891756 0.00395415099774163
672.0737243376 0.0039581800080122
672.8461801324 0.00396219413604221
673.61855656 0.0062334708790658
674.3908536204 0.00964521038409948
675.1630713136 0.00965623709702556
675.9352096396 0.00852950744155276
676.7072685984 0.00967855487644989
677.47924819 0.0102604608314478
678.2511484144 0.0108445021999911
679.0229692716 0.0137158266722721
679.7947107616 0.0148770254823392
680.5663728844 0.0148968385071252
681.33795564 0.0143418530196378
682.1094590284 0.0114890680767228
682.8808830496 0.00862802234891197
683.6522277036 0.00863976852902707
684.4234929904 0.00980536096563262
685.19467891 0.0109733323106239
685.9657854624 0.0104104756402706
686.7368126476 0.00984509848806094
687.5077604656 0.00637964693027692
688.2786289164 0.00638972382434421
689.049418 0.00639964891598716
689.8201277164 0.00874045795715662
690.5907580656 0.00992026037232166
691.3613090476 0.0111039352101621
692.1317806624 0.00760870022258521
692.90217291 0.00762024255242562
693.6724857904 0.00587053674404549
694.4427193036 0.0058794532749101
695.2128734496 0.00824456591341656
695.9829482284 0.00884757202963874
696.75294364 0.00885985642957351
697.5228596844 0.00768942391700244
698.2926963616 0.00651730155623014
699.0624536716 0.00593461635223664
699.8321316144 0.00713224701856234
700.60173019 0.00952608331596124
701.3712493984 0.00835069191481392
702.1406892396 0.0089613017572886
702.9100497136 0.00897401153106451
703.6793308204 0.00719201812330152
704.44853256 0.00840651657406608
705.2176549324 0.00661714163442889
705.9866979376 0.00662835090659979
706.7556615756 0.00603601306837347
707.5245458464 0.00665248312018057
708.29335075 0.00484712609623192
709.0620762864 0.00546247712895412
709.8307224556 0.00851433233322871
710.5992892576 0.0103623844941124
711.3677766924 0.0109974380452847
712.13618476 0.00979469152081481
712.9045134604 0.0073615072390819
713.6727627936 0.0086100339294537
714.4409327596 0.00924714185453293
715.2090233584 0.00741324085258367
715.97703459 0.00743062004211592
716.7449664544 0.00869126489665207
717.5128189516 0.00871276679861135
718.2805920816 0.00561304603533624
719.0482858444 0.00312477752076141
719.81590024 0.00375839797225269
720.5834352684 0.00376798375428444
721.3508909296 0.00629282389461114
722.1182672236 0.00693487141901993
722.8855641504 0.00568708486239888
723.65278171 0.00760124618378111
724.4199199024 0.0082527608075788
725.1869787276 0.00763320347833422
725.9539581856 0.00573734975553599
726.7208582764 0.00766943692871848
727.487679 0.00768891492872854
728.2544203564 0.00513684131596211
729.0210823456 0.0057912742824352
729.7876649676 0.00451637393515295
730.5541682224 0.0038824570205081
731.32059211 0.00454066585251393
732.0869366304 0.00519989013433923
732.8532017836 0.00455987878763639
733.6193875696 0.00391773140650021
734.3854939884 0.00523390936993166
735.15152104 0.001965440440721
735.9174687244 0.00196795085969683
736.6833370416 0.00197107453634614
737.4491259916 0.00197411990211029
738.2148355744 0.00131708490812851
738.98046579 0.00131735295977449
739.7460166384 0.000659009833789798
740.5114881196 9.37231108818605E-09
741.2768802336 -0.0026416426258097
742.0421929804 -0.00396518617411917
742.80742636 -0.000661493064142198
743.5725803724 0.00198805065445027
744.3376550176 0.00132836049211198
745.1026502956 0.00199648841801053
745.8675662064 0.00200028298977142
746.63240275 0.0033427653070595
747.3971599264 0.00335437180120952
748.1618377356 0.00673290254498159
748.9264361776 0.00607912125416929
749.6909552524 0.00542059849718766
750.45539496 0.00612047888243485
751.2197553004 0.00409661571507281
751.9840362736 0.00342563217636318
752.7482378796 0.00412221187389731
753.5123601184 0.00206674742953378
754.27640299 -0.000691102318260732
755.0403664944 -0.00138644605304319
755.8042506316 -0.00208474126270963
756.5680554016 -0.00278498350287643
757.3317808044 -0.00139508137617795
758.09542684 -0.000699058339463363
758.8589935084 -0.00280205682386589
759.6224808096 -0.00490986261808335
760.3858887436 -0.00421225083841558
761.1492173104 -0.00140597452789377
761.91246651 0.000704293206120176
762.6756363424 0.00282217337779157
763.4387268076 0.00282581711905781
764.2017379056 0.00141457182991202
764.9646696364 -0.00283423037851999
765.727522 -0.00355232736202335
766.4902949964 1.01213213657547E-08
767.2529886256 0.00428554198799509
768.0156028876 0.00787715748423265
768.7781377824 0.00790402724610886
769.54059331 0.00360782008911212
770.3029694704 0.00507277991933008
771.0652662636 0.0080028802273975
771.8274836896 0.00876558639566405
772.5896217484 0.00953936308873178
773.35168044 0.0088492496703367
774.1136597644 0.00815215010858582
774.8755597216 0.00670045078487451
775.6373803116 0.00523432637646571
776.3991215344 0.00375702359933494
777.16078339 0.00377687976425532
777.9223658784 0.00683340907807114
778.6838689996 0.00534025902336395
779.4452927536 0.00229940666811853
780.2066371404 0.00077016573752254
780.96790216 0.00232219283485944
781.7290878124 0.00622438237913074
782.4901940976 0.00703692929388309
783.2512210156 0.00549917625023191
784.0121685664 0.00552550559911558
784.77303675 0.0047595005133811
785.5338255664 0.00478274339326004
786.2945350156 0.00320377539720693
787.0551650976 0.00482867335763189
787.8157158124 0.00485086623995261
788.57618716 0.00893484326890387
789.3365791404 0.005713268333506
790.0968917536 0.00492083661575647
790.8571249996 0.00576801399436481
791.6172788784 0.00662320978932441
792.37735339 0.00914932802353074
793.1373485344 0.00919218664090658
793.8972643116 0.00839561993892837
794.6571007216 0.00674810055957276
795.4168577644 0.00508525265356888
796.17653544 0.00425801255190135
796.9361337484 0.0017108936422384
797.6956526896 0.00343643186745558
798.4550922636 0.00345177446376615
799.2144524704 0.00346830086010572
799.97373331 0.001742625925327
800.7329347824 -0.00437732835897334
801.4920568876 -0.0043961871838695
802.2510996256 -0.00441374510134815
803.0100629964 -0.00265940862074488
803.768947 -0.0026720504366426
804.5277516364 0.000895225432825129
805.2864769056 -0.000899563710351561
806.0451228076 6.4171316332135E-09
806.8036893424 6.44080149113495E-09
807.56217651 -2.15548516521014E-09
808.3205843104 1.0826828758541E-08
809.0789127436 0.00551526865043887
809.8371618096 0.00554278488027471
810.5953315084 0.00742022958366337
811.35342184 0.00465358624939647
812.1114328044 0.00467143663346375
812.8693644016 0.00187737941889487
813.6272166316 0.00188698011258763
814.3849894944 0.00379148047065528
815.14268299 0.00380609445472264
815.9002971184 0.00190924906939414
816.6578318796 0.00670746793960841
817.4152872736 0.00288820584160361
818.1726633004 0.00483960443986294
818.92995996 0.00486339742889778
819.6871772524 0.00683522695592105
820.4443151776 0.00783606432852501
821.2013737356 0.00982909304596551
821.9583529264 0.00888676027822968
822.71525275 0.00893517497698774
823.4720732064 0.00997927323678067
824.2288142956 0.0110198575897569
824.9854760176 0.00602740508987704
825.7420583724 0.00805700209352291
826.49856136 0.00606630610482883
827.2549849804 0.00609858282868675
828.0113292336 0.00817635136245426
828.7675941196 0.00821224731446071
829.5237796384 0.00411701875700003
830.27988579 0.00412554374369264
831.0359125744 0.00103484478826145
831.7918599916 -0.00104007841775262
832.5477280416 -0.00418512144732436
833.3035167244 -0.00525897602008326
834.05922604 -0.00527752204477204
834.8148559884 -0.00423160695993629
835.5704065696 -0.00636352891656276
836.3258777836 -0.00851953967193
837.0812696304 -0.0107122956872573
837.83658211 -0.00754406521897802
838.5918152224 -0.00108262052801116
839.3469689676 0.00325609244517858
840.1020433456 0.00543648052133029
840.8570383564 0.00654306257886977
841.611954 0.0098632727259496
842.3667902764 0.0077190592821042
843.1215471856 0.00554392732288575
843.8762247276 0.00667557158703751
844.6308229024 0.0100298761426718
845.38534171 0.0078136353943922
846.1397811504 0.00336065139712219
846.8941412236 0.0011263719332232
847.6484219296 -0.00226690844637261
848.4026232684 -0.00113919215873705
849.15674524 0.00228443299554261
849.9107878444 0.00114363783940964
850.6647510816 0.00229193972869471
851.4186349516 -1.63511450503503E-08
852.1724394544 -0.00231638654804902
852.92616459 -0.00233133438228496
853.6798103584 0.00351362074260932
854.4333767596 0.0082168336606927
855.1868637936 0.0047008044354346
855.9402714604 0.00471161023968693
856.69359976 0.00118343124618246
857.4468486924 -0.00119112686448391
858.2000182576 0.00239763158690297
858.9531084556 0.00361233345485446
859.7061192864 0.00844395374199123
860.45905075 0.0132856698477762
861.2119028464 0.0108995004381827
861.9646755756 0.00973741077942995
862.7173689376 0.00980308964261157
863.4699829324 0.0135649589108788
864.22251756 0.0185799628407819
864.9749728204 0.0186186180178389
865.7273487136 0.0198876877269239
866.4796452396 0.0236872095099312
867.2318623984 0.0238115544597923
867.98400019 0.0252326589372634
868.7360586144 0.022853148089482
869.4880376716 0.0280487347151231
870.2399373616 0.0293797289119704
870.9917576844 0.0294211322162431
871.74349864 0.0295100330229597
872.4951602284 0.0245109261539026
873.2467424496 0.0298732805132742
873.9982453036 0.0222181067831466
874.7496687904 0.0157525902361577
875.50101291 0.0118403307997446
876.2522776624 0.00790577081266053
877.0034630476 0.00792778581763476
877.7545690656 0.0039843385380287
878.5055957164 0.00401223702787291
879.256543 0.00134646933713543
880.0074109164 0.00270588684754139
880.7581994656 5.13858500849644E-08
881.5089086476 -0.0067945295248613
882.2595384624 -0.00136244457906496
883.01008891 -0.00136914555077963
883.7605599904 0.00275662957253523
884.5109517036 0.00555096412556059
885.2612640496 0.00279118379884547
886.0114970284 -2.00438385156334E-13
886.76165064 -0.00561510956986077
887.5117248844 -0.00281393984792084
888.2617197616 -0.00565020835291022
889.0116352716 -0.00426261796780413
889.7614714144 -6.77494033692106E-09
890.51122819 0.00143983190584852
891.2609055984 0.00289223188061767
892.0105036396 -0.00145017957212674
892.7600223136 -0.00436109196703767
893.5094616204 -0.00291694053783701
894.25882156 0.0029314995446824
895.0081021324 0.0088519510393802
895.7573033376 0.0074284015618157
896.5064251756 0.00597820776275271
897.2554676464 0.0105077305422637
898.00443075 0.0135510105195101
898.7533144864 0.016611317562494
899.5021188556 0.0166795236339049
900.2508438576 0.0182978127342802
900.9994894924 0.01995736690733
901.74805576 0.0231824230941777
902.4965426604 0.020203341254039
903.2449501936 0.0156085067280058
903.9932783596 0.0156620636774049
904.7415271584 0.0157148779435903
905.48969659 0.0142056060911448
906.2377866544 0.0127024337611255
906.9857973516 0.00959338074210588
907.7337286816 0.00805019342414314
908.4815806444 0.00971796102569161
909.22935324 0.0130212262681732
909.9770464684 0.0114403064704081
910.7246603296 0.0131250902536953
911.4721948236 0.0197793522765315
912.2196499504 0.021555415726387
912.96702571 0.0183681999552987
913.7143221024 0.0134593590269404
914.4615391276 0.0118579598473856
915.2086767856 0.0187384232252137
915.9557350764 0.0222467430154631
916.702714 0.0240530201206792
917.4496135564 0.0189747558079848
918.1964337456 0.0156019582798154
918.9431745676 0.0122090271505849
919.6898360224 0.0140400256297562
920.43641811 0.014114217863305
921.1829208304 0.0194807857071708
921.9293441836 0.0248422106542181
922.6756881696 0.0213080626310989
923.4219527884 0.0177607399719875
924.16813804 0.0213262791549
924.9142439244 0.0231465958887029
925.6602704416 0.0267812514131982
926.4062175916 0.0304255491924426
927.1520853744 0.0304776053606837
927.89787379 0.0251215263217023
928.6435828384 0.0251292044473113
929.3892125196 0.0287371633695213
930.1347628336 0.0251862894274978
930.8802337804 0.0270678030565853
931.62562536 0.0253891036997294
932.3709375724 0.0182437673974665
933.1161704176 0.0146876632885842
933.8613238956 0.0166247485982029
934.6063980064 0.0185810095370172
935.35139275 0.0205557299209786
936.0963081264 0.0169204118232873
936.8411441356 0.0132541687963321
937.5859007776 0.00954715166904239
938.3305780524 0.0115670496092401
939.07517596 0.0155846482827432
939.8196945004 0.0157460080013921
940.5641336736 0.0159018761432502
941.3084934796 0.0160457977790474
942.0527739184 0.010117037086565
942.79697499 0.00816523135495854
943.5410966944 0.012362131290052
944.2851390316 0.0208071057725239
945.0291020016 0.0210229789078861
945.7729856044 0.0212458342853184
946.51678984 0.0214565324859952
947.2605147084 0.0151526117433128
948.0041602096 0.0109147548315683
948.7477263436 0.013207087121875
949.4912131104 0.0177573111980844
950 0.0192234840169344
950.1 0.0183202230722176
950.2 0.0169450077805976
950.3 0.0161638586151058
950.4 0.0149555792618412
950.5 0.013391017909673
950.6 0.0116413503760678
950.7 0.00991399144399142
950.8 0.00843140482720152
950.9 0.00740675318927521
951 0.00701902369218256
951.4546673696 0.00728328121681688
953.0678593429 0.00686725025746529
954.68092721 0.0102555994227028
956.2938709709 0.00453960042855995
957.9066906256 -1.88041853549106E-07
959.5193861741 0.00526081942616978
961.1319576164 0.00262256934827245
962.7444049525 0.00485630442322889
964.3567281824 -0.00149017381475567
965.9689273061 0.00222944230857699
967.5810023236 -0.00111222299754922
969.1929532349 0.000739794743061155
970.80478004 0.0029532189338498
972.4164827389 0.00294697327674176
974.0280613316 0.00588116941172913
975.6395158181 0.00733413120794365
977.2508461984 0.00768134642111866
978.8620524725 0.0105794396512162
980.4731346404 0.0094602011532689
982.0840927021 0.0152368164878554
983.6949266576 0.00903849930818652
985.3056365069 0.012248154473602
986.91622225 0.0154303978862334
988.5266838869 0.0150145097581325
990.1370214176 0.0110393828610734
991.7472348421 0.00851104753004878
993.3573241604 0.00953385270121462
994.9672893725 0.00913972453583417
996.5771304784 0.00944761098795673
998.1868474781 0.012884354388643
999.7964403716 0.011091928534616
1001.4059091589 0.0131119155916591
1003.01525384 0.0161440851535583
1004.6244744149 0.0082053983665507
1006.2335708836 0.00510340777854874
1007.8425432461 0.00812430296763824
1009.4513915024 0.0101050038237852
1011.0601156525 0.00301643034617796
1012.6687156964 0.00400143586696376
1014.2771916341 0.00597129447923638
1015.8855434656 0.00231088176287012
1017.4937711909 0.000985370434352809
1019.10187481 0.00196096107621552
1020.7098543229 -0.000325192665716897
1022.3177097296 0.00194069333665119
1023.9254410301 0.00675553066595478
1025.5330482244 0.00639815607293625
1027.1405313125 0.00508947256898584
1028.7478902944 0.0107553179227257
1030.3551251701 0.00597691760382673
1031.9622359396 0.00437951073877352
1033.5692226029 0.00808604318052421
1035.17608516 0.0105114668858903
1036.7828236109 0.0104495473845745
1038.3894379556 0.00855583342220249
1039.9959281941 0.00881045388330142
1041.6022943264 0.00725136128703963
1043.2085363525 0.0093148218804897
1044.8146542724 0.00926775289130073
1046.4206480861 0.009520596067463
1048.0265177936 0.0133296922320383
1049.6322633949 0.0162267870323991
1051.23788489 0.0196947395593627
1052.8433822789 0.0146503072449625
1054.4487555616 0.0149033778714797
1056.0540047381 0.0172032699376142
1057.6591298084 0.0197922239568133
1059.2641307725 0.0177299737706022
1060.8690076304 0.0168440548863363
1062.4737603821 0.0188667564215945
1064.0783890276 0.0200191023262602
1065.6828935669 0.0208818900221
1067.287274 0.0179778491150343
1068.8915303269 0.0139146965239569
1070.4956625476 0.0162279462834163
1072.0996706621 0.0191157457192697
1073.7035546704 0.0217118544553659
1075.3073145725 0.0185204530262561
1076.9109503684 0.0188011396551456
1078.5144620581 0.0211045455252318
1080.1178496416 0.0196420570552556
1081.7211131189 0.0213582599531516
1083.32425249 0.0187459938034571
1084.9272677549 0.020457829275598
1086.5301589136 0.0210162089570856
1088.1329259661 0.0207128959509649
1089.7355689124 0.0189706736226235
1091.3380877525 0.0163668062948501
1092.9404824864 0.0166360313105726
1094.5427531141 0.0197695778010826
1096.1448996356 0.0154535796922618
1097.7469220509 0.0160078390863725
1099.34882036 0.018555274026167
1100.9505945629 0.0193810866981642
1102.5522446596 0.0233331792034206
1104.1537706501 0.0218760572698003
1105.7551725344 0.0232618083470927
1107.3564503125 0.0223741703880659
1108.9576039844 0.0223365623520088
1110.5586335501 0.0245544291965372
1112.1595390096 0.0256411417794676
1113.7603203629 0.0278546166551095
1115.36097761 0.0272537375587258
1116.9615107509 0.023001216537359
1118.5619197856 0.0243594719702224
1120.1622047141 0.012575410343586
1121.7623655364 0.0198001828469813
1123.3624022525 0.0153044519422002
1124.9623148624 0.0147133986828397
1126.5621033661 0.0188283697608519
1128.1617677636 0.0201542251802779
1129.7613080549 0.0192590130228912
1131.36072424 0.0186381052454239
1132.9600163189 0.0180194101868519
1134.5591842916 0.0187611567962612
1136.1582281581 0.0170572503516444
1137.7571479184 0.0237240699896369
1139.3559435725 0.0169106817339117
1140.9546151204 0.0168358151063179
1142.5531625621 0.0178256706702594
1144.1515858976 0.0161590258645177
1145.7498851269 0.0152934251010251
1147.34806025 0.011286593780189
1148.9461112669 0.00914520994070524
1150.5440381776 0.0127434399201873
1152.1418409821 0.00932056860705578
1153.7395196804 0.00953723025937977
1155.3370742725 0.0069276626068999
1156.9345047584 0.00510702417314273
1158.5318111381 0.00813293826561133
1160.1289934116 0.00759017469976255
1161.7260515789 0.00302229667253867
1163.32298564 0.00200615626468191
1164.9197955949 0.00649258457080062
1166.5164814436 0.00621703684018437
1168.1130431861 0.0052012063413508
1169.7094808224 0.0083869881252294
1171.3057943525 0.00933846117975306
1172.9019837764 0.0105295053115638
1174.4980490941 0.0112256579474313
1176.0939903056 0.0106986579841915
1177.6898074109 0.0113876304419833
1179.28550041 0.0137640886759639
1180.8810693029 0.0127580103736413
1182.4765140896 0.00983837578242741
1184.0718347701 0.0124403558850347
1185.6670313444 0.00834664607131344
1187.2621038125 0.00499305938490316
1188.8570521744 0.0054520816146143
1190.4518764301 0.00898097469259998
1192.0465765796 0.00589116662324686
1193.6411526229 0.00282025670196622
1195.23560456 0.0049216184002007
1196.8299323909 0.00350527442616064
1198.4241361156 0.00349513014912359
1200.0182157341 0.00557728900021462
1201.6121712464 0.00486785975753676
1203.2060026525 0.00693771155678374
1204.7997099524 0.00738105372710577
1206.3932931461 0.00667152176238487
1207.9867522336 0.00390136591979796
1209.5800872149 0.00801338625013236
1211.17329809 0.0107356866349507
1212.7663848589 0.00797750332204177
1214.3593475216 0.00432135544840363
1215.9521860781 0.00680845749141605
1217.5449005284 0.00498351610593479
1219.1374908725 0.00248687047411604
1220.7299571104 -0.000902957082731481
1222.3222992421 -0.00112715139240973
1223.9145172676 -0.00405289063349398
1225.5066111869 -0.0053978220012144
1227.098581 -0.0060667567776882
1228.6904267069 -0.00718531580990936
1230.2821483076 -0.00808057936587068
1231.8737458021 -0.00628302039967095
1233.4652191904 -0.00875021984436306
1235.0565684725 -0.0107662653991876
1236.6477936484 -0.00762637227516991
1238.2388947181 -0.00807556790114456
1239.8298716816 -0.00493633671389931
1241.4207245389 -0.00471285419519311
1243.01145329 -0.00201988412240315
1244.6020579349 -0.0029182012898205
1246.1925384736 -0.0022449335832992
1247.7828949061 -0.00336727130353277
1249.3731272324 -0.00269406458076242
1250.9632354525 -0.0024699519974627
1252.5532195664 0.0004492555484346
1254.1430795741 0.000224687538959244
1255.7328154756 0.00426764478113001
1257.3224272709 0.00314434949047184
1258.91191496 0.00426727545421035
1260.5012785429 0.00179690538256837
1262.0905180196 0.00696231866520334
1263.6796333901 0.00516545522631252
1265.2686246544 0.00673737425179978
1266.8574918125 0.00988115715257971
1268.4462348644 0.00606255446200635
1270.0348538101 0.00516384260111346
1271.6233486496 0.00493713855660184
1273.2117193829 0.00426171411610624
1274.79996601 0.00201740465111718
1276.3880885309 0.00492857717578754
1277.9760869456 0.00582097975554447
1279.5639612541 0.00358002930518706
1281.1517114564 0.00536546201935931
1282.7393375525 0.00804196369729645
1284.3268395424 0.00758890861861684
1285.9142174261 0.0124886925899364
1287.5014712036 0.0106938814248145
1289.0886008749 0.0111311755302285
1290.67560644 0.0091188541337315
1292.2624878989 0.011780942850961
1293.8492452516 0.00999687223429566
1295.4358784981 0.00954787639927568
1297.0223876384 0.00732277060625729
1298.6087726725 0.00643129419074491
1300.1950336004 0.00420996731746728
1301.7811704221 0.00619935126542086
1303.3671831376 0.00176960516946022
1304.9530717469 0.00618971595207048
1306.53883625 0.00353368252716465
1308.1244766469 0.00529608580044127
1309.7099929376 -1.52457027076355E-07
1311.2953851221 0.000880196384510543
1312.8806532004 -0.00175817143370251
1314.4657971725 -0.00109726495401818
1316.0508170384 -0.000876562914154979
1317.6357127981 -0.0024065756582164
1319.2204844516 -0.00436815226251392
1320.8051319989 -0.00218086887046826
1322.38965544 -0.00391880393767952
1323.9740547749 -0.00239099075208426
1325.5583300036 -0.0032551998600104
1327.1424811261 0.00346694604828265
1328.7265081424 0.00194726752354707
1330.3104110525 0.00561803480496687
1331.8941898564 0.00388408112785318
1333.4778445541 0.00538793460798907
1335.0613751456 0.00602753522856574
1336.6447816309 0.00365629613188091
1338.22806401 0.00300913744567029
1339.8112222829 0.00257959008767263
1341.3942564496 0.00365770294447952
1342.9771665101 0.0064683414828498
1344.5599524644 0.00302754700372473
1346.1426143125 0.0054288625784495
1347.7251520544 0.00458488736405712
1349.3075656901 0.00373905688550857
1350.8898552196 0.00554488473397674
1352.4720206429 0.0060439549192578
1354.05406196 0.00813568636429688
1355.6359791709 0.0114082327823864
1357.2177722756 0.0117433772606638
1358.7994412741 0.00928914300332371
1360.3809861664 0.00911600657258275
1361.9624069525 0.00868422808227573
1363.5437036324 0.00658543681135463
1365.1248762061 0.00681889676069306
1366.7059246736 0.0117292440111184
1368.2868490349 0.0102886438013112
1369.86764929 0.00582562532713131
1371.4483254389 0.00789373122948439
1373.0288774816 0.00670598833679434
1374.6093054181 0.00529925079256991
1376.1896092484 0.00619803210437394
1377.7697889725 0.00755342257457364
1379.3498445904 0.00891204274904911
1380.9297761021 0.00775653345382811
1382.5095835076 0.0100214143991065
1384.0892668069 0.00931769387322895
1385.668826 0.00906311850654313
1387.2482610869 0.0135525711007875
1388.8275720676 0.0101259466449725
1390.4067589421 0.00986479820097616
1391.9858217104 0.0122789429879233
1393.5647603725 0.0102257179087956
1395.1435749284 0.010175112332658
1396.7222653781 0.0112241229606999
1398.3008317216 0.0133665372619949
1399.8792739589 0.0133088017932697
1401.45759209 0.0104281611970863
1403.0357861149 0.0121198910642044
1404.6138560336 0.0101207760912231
1406.1918018461 0.0135021881049001
1407.7696235524 0.0104456187534836
1409.3473211525 0.00953649410863263
1410.9248946464 0.0130613584705118
1412.5023440341 0.0104774021245145
1414.0796693156 0.0112534007347044
1415.6568704909 0.0101561426699306
1417.23394756 0.00680677436709789
1418.8109005229 0.00841904708768197
1420.3877293796 0.00695026364224166
1421.9644341301 0.0116103651731496
1423.5410147744 0.00832094444987769
1425.1174713125 0.0117334114217086
1426.6938037444 0.0104912766707067
1428.2700120701 0.00845432839739081
1429.8460962896 0.00662787644762549
1431.4220564029 0.00461185817629527
1432.99789241 0.00620674983269463
1434.5736043109 0.00819817100055204
1436.1491921056 0.00698825227407431
1437.7246557941 0.00817643821585977
1439.2999953764 0.00418190917508152
1440.8752108525 0.0061663616158143
1442.4503022224 0.00655551860349213
1444.0252694861 0.00793806045111935
1445.6001126436 0.0101047161206938
1447.1748316949 0.00949799974329472
1448.74942664 0.011656632888902
1450.3238974789 0.00868118500896001
1451.8982442116 0.00886473000907969
1453.4724668381 0.008461379788265
1455.0465653584 0.00589719902468023
1456.6205397725 0.00687486080654727
1458.1943900804 0.00471101980319169
1459.7681162821 0.00392477330240501
1461.3417183776 0.0047078751611067
1462.9151963669 0.00196230892649942
1464.48855025 0.00569093949657847
1466.0617800269 0.00314117705169307
1467.6348856976 0.00530209836744047
1469.2078672621 0.00628716100863097
1470.7807247204 0.00530453917908608
1472.3534580725 0.00766155862879394
1473.9260673184 0.00530284934107155
1475.4985524581 0.00922984520254127
1477.0709134916 0.00628155850496688
1478.6431504189 0.00490521297290835
1480.21526324 0.00823355272938472
1481.7872519549 0.00626850555312688
1483.3591165636 0.00587111377057851
1484.9308570661 0.00782343965078251
1486.5024734624 0.0037136930643627
1488.0739657525 0.00664333828330194
1489.6453339364 0.00546817309192138
1491.2165780141 0.00702776355060976
1492.7876979856 0.00214581060282035
1494.3586938509 0.00545835839250904
1495.92956561 0.0048707081446545
1497.5003132629 0.00370053531452513
1499.0709368096 0.00292009126736468
1500.6414362501 0.00447646256686073
1502.2118115844 0.0013619160967511
1503.7820628125 0.00350191919262384
1505.3521899344 0.00428106691870424
1506.9221929501 0.00292019063661346
1508.4920718596 0.00642742475514489
1510.0618266629 0.00838251269904816
1511.63145736 0.00917054061983813
1513.2009639509 0.00957187303487774
1514.7703464356 0.0101698382832887
1516.3396048141 0.0115579213163574
1517.9087390864 0.0107908509066577
1519.4777492525 0.00943525997980949
1521.0466353124 0.00866298669344194
1522.6153972661 0.00709983590602936
1524.1840351136 0.0071101193351685
1525.7525488549 0.00376085921360281
1527.32093849 0.002181096692467
1528.8892040189 -0.000198682392855361
1530.4573454416 0.000994963709670924
1532.0253627581 -0.00159500816868066
1533.5932559684 -0.00219627122243024
1535.1610250725 0.000199909770238454
1536.7286700704 0.00340284710345718
1538.2961909621 0.00521120779896272
1539.8635877476 0.00300927295247865
1541.4308604269 0.00602586819882119
1542.998009 0.00643136879370334
1544.5650334669 0.00704214367028288
1546.1319338276 0.0076525902010423
1547.6987100821 0.00725841196549021
1549.2653622304 0.00827397875638292
1550.8318902725 0.00626375385096533
1552.3982942084 0.00404507057084921
1553.9645740381 0.00506232432484943
1555.5307297616 0.00364826542772898
1557.0967613789 0.00507347409966178
1558.66266889 0.00182838044292229
1560.2284522949 0.0010169218727351
1561.7941115936 0.00386750472677566
1563.3596467861 0.000815115456894348
1564.9250578724 0.00122381695813847
1566.4903448525 0.000408428541213625
1568.0555077264 0.0020433062735194
1569.6205464941 0.00204540934174061
1571.1854611556 -0.000818811080928087
1572.7502517109 -0.00102483134688008
1574.31491816 0.00143643187198184
1575.8794605029 0.00123280309825249
1577.4438787396 0.00329119336208327
1579.0081728701 0.00205993622034979
1580.5723428944 0.00845602505610845
1582.1363888125 0.00598992524587867
1583.7003106244 0.0103409561199812
1585.2641083301 0.0099450369717433
1586.8277819296 0.011828305686648
1588.3913314229 0.0110180656564193
1589.95475681 0.0114546777099004
1591.5180580909 0.00834733810843108
1593.0812352656 0.00794372887009451
1594.6442883341 0.00900729688609771
1596.2072172964 0.00902354549708514
1597.7700221525 0.00504665893670722
1599.3327029024 0.00842685793610361
1600.8952595461 0.00442327442744339
1602.4576920836 0.00358757450826882
1604.0200005149 0.00126911711025086
1605.58218484 0.00339078389773746
1607.1442450589 0.00191139246594473
1608.7061811716 0.0023406453789909
1610.2679931781 0.00277272665411385
1611.8296810784 -0.000641248046983568
1613.3912448725 -0.0023579426785945
1614.9526845604 -0.00236444479003623
1616.5140001421 -0.000862963452178479
1618.0751916176 -0.00151491067922438
1619.6362589869 0.00238959489127902
1621.19720225 0.00501565230421462
1622.7580214069 0.00328732809105496
1624.3187164576 0.0052875367257448
1625.8792874021 0.00753947532681269
1627.4397342404 0.0091577067156588
1629.0000569725 0.0126185397324851
1630.5602555984 0.0111511891124793
1632.1203301181 0.0142853723539887
1633.6802805316 0.0084108414050416
1635.2401068389 0.0133148730396366
1636.79980904 0.0131007033894163
1638.3593871349 0.00795410715752641
1639.9188411236 0.0132895824100683
1641.4781710061 0.0124091456818864
1643.0373767824 0.0098592827874738
1644.5964584525 0.0122780819552171
1646.1554160164 0.0107638494486534
1647.7142494741 0.0135371514845115
1649.2729588256 0.0106485417861534
1650.8315440709 0.0159075370760613
1652.39000521 0.00866698731815897
1653.9483422429 0.01049028794722
1655.5065551696 0.014285349519468
1657.0646439901 0.00186312606742755
1658.6226087044 0.00651990956388802
1660.1804493125 0.00703252516183644
1661.7381658144 0.00932873953599892
1663.2957582101 0.00502815334239904
1664.8532264996 0.0155466928785269
1666.4105706829 0.0174281367970054
1667.96779076 0.0264430472533094
1669.5248867309 0.0382663035523741
1671.0818585956 0.0283622139393343
1672.6387063541 0.0273399155191336
1674.1954300064 0.048928673012986
1675.7520295525 0.0380195093629748
1677.3085049924 0.0533965056274312
1678.8648563261 0.0315906856484413
1680.4210835536 0.0257461049367112
1681.9771866749 0.0205264026398907
1683.53316569 0.0133788788949187
1685.0890205989 0.00696758311239129
1686.6447514016 -0.0115705151732702
1688.2003580981 -0.00599618573610585
1689.7558406884 0.00464712579470096
1691.3111991725 -0.00639865361136059
1692.8664335504 0.00658974722624914
1694.4215438221 0.0169521451114145
1695.9765299876 0.0243534412288545
1697.5313920469 0.0588797255107358
1699.08613 0.040157084803434
1700.6407438469 0.0597372012553292
1702.1952335876 0.0476034359217278
1703.7495992221 0.0524250780058503
1705.3038407504 0.0869282832990597
1706.8579581725 0.0743668457308667
1708.4119514884 0.0897930377518527
1709.9658206981 0.068557941123764
1711.5195658016 -0.162852710038417
1713.0731867989 0.421429095445388
1714.62668369 -0.16671342378919
1716.1800564749 -0.16671342378919
