293.753818 0
294.5642113164 0
295.3745252656 0
296.1847598476 0
296.9949150624 0.528907492054654
297.80499091 1.21720139744002
298.6149873904 1.22290784959924
299.4249045036 1.27272232348796
300.2347422496 1.23468787290517
301.0445006284 1.11806243539687
301.85417964 1.16812785187011
302.6637792844 1.13063376803155
303.4732995616 1.17114252916373
304.2827404716 1.13276737721147
305.0921020144 0.991726306179265
305.90138419 1.00002158621961
306.7105869984 1.03920785393523
307.5197104396 0.942738448600667
308.3287545136 0.948067709823222
309.1377192204 0.986294848188565
309.94660456 0.928191572444932
310.7554105324 0.901121378320384
311.5641371376 0.850238573537295
312.3727843756 0.77455339176992
313.1813522464 0.837301072530111
313.98984075 0.922107918367915
314.7982498864 0.922400726464355
315.6065796556 0.847320392022972
316.4148300576 0.77936670698932
317.2230010924 0.715000022632693
318.03109276 0.650962607949822
318.8391050604 0.727765712343303
319.6470379936 0.66717556398051
320.4548915596 0.697185065747527
321.2626657584 0.745521420109806
322.07036059 0.744876124718775
322.8779760544 0.788356432614735
323.6855121516 0.726867129452215
324.4929688816 0.763013593365491
325.3003462444 0.79587437665366
326.10764424 0.789230509363173
326.9148628684 0.776725394149003
327.7220021296 0.715514025045435
328.5290620236 0.759432272761402
329.3360425504 0.73774560378414
330.14294371 0.654095116365055
330.9497655024 0.605206682756506
331.7565079276 0.502926898519371
332.5631709856 0.575142680690817
333.3697546764 0.630262319966901
334.176259 0.709063975555511
334.9826839564 0.771386263312028
335.7890295456 0.787964872731765
336.5952957676 0.819038180343258
337.4014826224 0.889821690740857
338.20759011 0.948023297642434
339.0136182304 1.09277952212559
339.8195669836 1.19590539410402
340.6254363696 1.33517876462433
341.4312263884 1.42248405753547
342.23693704 1.48282428334336
343.0425683244 1.57613999570595
343.8481202416 1.70459382198673
344.6535927916 1.88825830975273
345.4589859744 2.07569438237077
346.26429979 2.17348880038364
347.0695342384 2.31580654775347
347.8746893196 2.46113446066439
348.6797650336 2.65932814527051
349.4847613804 2.88389493626923
350.28967836 3.11604327130248
351.0945159724 3.36110935022204
351.8992742176 3.64965485515327
352.7039530956 4.04834131894553
353.5085526064 4.55678680781882
354.31307275 5.26745299904538
355.1175135264 6.19192119379287
355.9218749356 7.41814552462249
356.7261569776 9.04394224923495
357.5303596524 11.0773821342228
358.33448296 13.5901273594897
359.1385269004 16.9467762781731
359.9424914736 21.0168147092121
360.7463766796 25.5280186782489
361.5501825184 30.5496110278249
362.35390899 35.9660196585844
363.1575560944 41.5623387076171
363.9611238316 47.2138376184412
364.7646122016 52.8345753078133
365.5680212044 57.9953314691189
366.37135084 62.2555989786884
367.1746011084 65.592222921625
367.9777720096 68.3112690724215
368.7808635436 69.6987476870617
369.5838757104 69.9378389983808
370.38680851 69.2828293986533
371.1896619424 68.0258154256417
371.9924360076 65.7862502985275
372.7951307056 63.0186699138065
373.5977460364 60.2187363170188
374.400282 56.8656464746485
375.2027385964 53.2041082100255
376.0051158256 49.5157495334301
376.8074136876 46.3373042756344
377.6096321824 43.266868334817
378.41177131 40.3329374243251
379.2138310704 37.2639293641476
380.0158114636 34.0129002705492
380.8177124896 31.0037646913018
381.6195341484 27.9529739878193
382.42127644 25.1460909573832
383.2229393644 22.6528453391958
384.0245229216 20.2805347455864
384.8260271116 18.1326081532639
385.6274519344 16.1527407517729
386.42879739 14.4263054671967
387.2300634784 12.8376796439844
388.0312501996 11.3772853893525
388.8323575536 10.1037078755466
389.6333855404 9.04463169540258
390.43433416 8.11567716174148
391.2352034124 7.27864366539961
392.0359932976 6.47978228107358
392.8367038156 5.74095948157232
393.6373349664 5.04365309450852
394.43788675 4.40680595965289
395.2383591664 3.88314719707358
396.0387522156 3.44049212509927
396.8390658976 3.07092062969813
397.6393002124 2.75886938851045
398.43945516 2.44419837050074
399.2395307404 2.14738243553817
400.0395269536 1.88664561570562
400.8394437996 1.67838834589887
401.6392812784 1.4902921430212
402.43903939 1.33227463120329
403.2387181344 1.18196680245127
404.0383175116 1.05464527943868
404.8378375216 0.96189999943442
405.6372781644 0.872304862811379
406.43663944 0.792826678951537
407.2359213484 0.720492441889108
408.0351238896 0.664868182637074
408.8342470636 0.608793342233923
409.6332908704 0.552116858077453
410.43225531 0.515541943980489
411.2311403824 0.48014411506174
412.0299460876 0.448139707166078
412.8286724256 0.41713384662421
413.6273193964 0.382898626792595
414.425887 0.360236778282598
415.2243752364 0.342413227874065
416.0227841056 0.331350309993044
416.8211136076 0.310557542894068
417.6193637424 0.300304036524722
418.41753451 0.290451739458461
419.2156259104 0.280888801600476
420.0136379436 0.275443729440561
420.8115706096 0.270137643490613
421.6094239084 0.261227766303953
422.40719784 0.254394148741562
423.2048924044 0.245896011342501
424.0025076016 0.234065683336788
424.8000434316 0.22602605495354
425.5974998944 0.223476483601346
426.39487699 0.21578737185509
427.1921747184 0.211666845097643
427.9893930796 0.204157016595477
428.7865320736 0.19182907444568
429.5835917004 0.191424951621642
430.38057196 0.190987992570286
431.1774728524 0.190568578675389
431.9742943776 0.186957139984127
432.7710365356 0.186545029603682
433.5676993264 0.179816981346633
434.36428275 0.179439488448401
435.1607868064 0.177491591320872
435.9572114956 0.178670455985734
436.7535568176 0.181329250846961
437.5498227724 0.180895727385336
438.34600936 0.171570300899055
439.1421165804 0.169752948680611
439.9381444336 0.169430655582235
440.7340929196 0.171961951838934
441.5299620384 0.174460983879446
442.32575179 0.172721024391335
443.1214621744 0.172434859194566
443.9170931916 0.177657712913169
444.7126448416 0.173240873491145
445.5081171244 0.170281535463469
446.30351004 0.175435667515806
447.0988235884 0.181842791023857
447.8940577696 0.180267108342662
448.6892125836 0.178714045834951
449.4842880304 0.174579682330423
450.27928411 0.174343539350836
451.0742008224 0.175392622420423
451.8690381676 0.173884432475652
452.6637961456 0.171118790407672
453.4584747564 0.168374858683311
454.253074 0.166867390435268
455.0475938764 0.165313223901517
455.8420343856 0.16736478358995
456.6363955276 0.168156684659005
457.4306773024 0.164208919187948
458.22487971 0.162666610621949
459.0190027504 0.155341898303768
459.8130464236 0.152751522138098
460.6070107296 0.150213262249958
461.4008956684 0.149987390542416
462.19470124 0.152007666208204
462.9884274444 0.152909942504505
463.7820742816 0.149448619166941
464.5756417516 0.144992815992034
465.3691298544 0.144964317005971
466.16253859 0.146056622986743
466.9558679584 0.143964046369705
467.7491179596 0.148286892075286
468.5422885936 0.148381881370141
469.3353798604 0.147481329733679
470.12839176 0.146647414708058
470.9213242924 0.148976492840222
471.7141774576 0.148209847327726
472.5069512556 0.148523188900638
473.2996456864 0.145792281924416
474.09226075 0.14206181480494
474.8847964464 0.138351660556717
475.6772527756 0.139699914342735
476.4696297376 0.137037196248942
477.2619273324 0.13635957147816
478.05414556 0.137628129655193
478.8462844204 0.133901591939178
479.6383439136 0.127226698292123
480.4303240396 0.125459158435367
481.2222247984 0.12657600914534
482.01404619 0.127651895058793
482.8057882144 0.129643151347697
483.5974508716 0.133460157842422
484.3890341616 0.131563799547064
485.1805380844 0.129669718036519
485.97196264 0.130547802708206
486.7633078284 0.131398627643314
487.5545736496 0.13498653141523
488.3457601036 0.13581678223416
489.1368671904 0.134843855473539
489.92789491 0.13120764556773
490.7188432624 0.130277656354585
491.5097122476 0.127616347009155
492.3005018656 0.124990643315053
493.0912121164 0.126736099415871
493.881843 0.126750672716199
494.6723945164 0.122468501448623
495.4628666656 0.116558633860894
496.2532594476 0.114104193394408
497.0435728624 0.11420444611856
497.83380691 0.116826813124021
498.6239615904 0.116914064177951
499.4140369036 0.113708602110332
500.2040328496 0.113827354097895
500.9939494284 0.11557694206498
501.78378664 0.114089812510471
502.5735444844 0.114243781689634
503.3632229616 0.119217785875623
504.1528220716 0.120969233310534
504.9423418144 0.118737658634355
505.73178219 0.116522906075894
506.5211431984 0.115132161846235
507.3104248396 0.115329028038506
508.0996271136 0.117841725239596
508.8887500204 0.117266791399502
509.67779356 0.112875886875518
510.4667577324 0.11312630950572
511.2556425376 0.112619705043399
512.0444479756 0.111375930264624
512.8331740464 0.112409793195089
513.62182075 0.111171665251819
514.4103880864 0.111456269358377
515.1988760556 0.110254855474573
515.9872846576 0.10830335281913
516.7756138924 0.104903648217228
517.56386376 0.103712073182168
518.3520342604 0.106176916589602
519.1401253936 0.106420074124032
519.9281371596 0.10517850085586
520.7160695584 0.10248887374127
521.50392259 0.10197040007305
522.2916962544 0.105041942680273
523.0793905516 0.105230916084278
523.8670054816 0.10117092680202
524.6545410444 0.0999808852468842
525.44199724 0.100216944072378
526.2293740684 0.100471288835519
527.0166715296 0.0986622123306743
527.8038896236 0.0941286540513753
528.5910283504 0.0951712773672462
529.37808771 0.0955620523265237
530.1650677024 0.0932431881293415
530.9519683276 0.0902825656062248
531.7387895856 0.0894306534296077
532.5255314764 0.0919998045328498
533.312194 0.0918620553941824
534.0987771564 0.0917507557457957
534.8852809456 0.0902951146876287
535.6717053676 0.088175911355075
536.4580504224 0.0894423814328442
537.24431611 0.0866393027320786
538.0305024304 0.0851824172243527
538.8166093836 0.0836957713543359
539.6026369696 0.0835328938587535
540.3885851884 0.0833444165066582
541.17445404 0.0817912545458787
541.9602435244 0.08355967790727
542.7459536416 0.0819490608288269
543.5315843916 0.0809873345313781
544.3171357744 0.0813405209380038
545.10260779 0.0829841396215259
545.8880004384 0.0839337597096866
546.6733137196 0.0835627618061227
547.4585476336 0.084489161652801
548.2437021804 0.0821803076793862
549.02877736 0.0811696179955757
549.8137731724 0.0801716114295714
550.5986896176 0.0791985714010846
551.3835266956 0.0801424370042767
552.1682844064 0.0785538319532547
552.95296275 0.0782346599638341
553.7375617264 0.077298192930349
554.5220813356 0.0776426648320399
555.3065215776 0.0786034091690292
556.0908824524 0.0776968446127795
556.87516396 0.0774186629773856
557.6593661004 0.0777640556631324
558.4434888736 0.076881472451414
559.2275322796 0.0741658286564806
560.0114963184 0.0745282758780334
560.79538099 0.0748897115952903
561.5791862944 0.0758578787903209
562.3629122316 0.0738066579974199
563.1465588016 0.071160203455717
563.9301260044 0.0697373578082824
564.71361384 0.0677317715451598
565.4970223084 0.0699291878560796
566.2803514096 0.0709259774974217
567.0636011436 0.0725162458968007
567.8467715104 0.0729187873237215
568.62986251 0.0709554049172337
569.4128741424 0.0701851524185644
570.1958064076 0.0694178461125967
570.9786593056 0.0710093667265311
571.7614328364 0.073186974490981
572.544127 0.0706768034884477
573.3267417964 0.0728388665476658
574.1092772256 0.0720795896673435
574.8917332876 0.0672730757076689
575.6741099824 0.0665440699058028
576.45640731 0.0669727969998108
577.2386252704 0.0679748603162706
578.0207638636 0.0689796634859373
578.8028230896 0.066543115080522
579.5848029484 0.0624028156347266
580.36670344 0.0600024638484271
581.1485245644 0.0621786389779755
581.9302663216 0.0609292343666782
582.7119287116 0.0579869443098065
583.4935117344 0.0578945176516733
584.27501539 0.0566659079458103
585.0564396784 0.0554451208550822
585.8377845996 0.0547975259341733
586.6190501536 0.0524658341088588
587.4002363404 0.0535211173930738
588.18134316 0.0523238578484655
588.9623706124 0.0522541840114522
589.7433186976 0.0510715144217829
590.5241874156 0.0493327338569088
591.3049767664 0.0498395839598248
592.08568675 0.050910392158843
592.8663173664 0.0503082944766381
593.6468686156 0.0480369342643016
594.4273404976 0.044097432698543
595.2077330124 0.0446243661273303
595.98804616 0.0423622150009533
596.7682799404 0.0451208672216845
597.5484343536 0.0434196543483155
598.3285093996 0.0411609697729736
599.1085050784 0.0400161329244672
599.88842139 0.0388723879579206
600.6682583344 0.038835784670764
601.4480159116 0.0387953611891852
602.2276941216 0.0393055454309447
603.0072929644 0.0414679047822842
603.78681244 0.0386516645877643
604.5662525484 0.037496280803338
605.3456132896 0.0357892406065099
606.1248946636 0.03792712160962
606.9040966704 0.0395068182101101
607.68321931 0.039980324111233
608.4622625824 0.0399011990130777
609.2412264876 0.0376357568882686
610.0201110256 0.0386457029145428
610.7989161964 0.0391048218373141
611.577642 0.0395681725731141
612.3562884364 0.0405694101771773
613.1348555056 0.0426510717074234
613.9133432076 0.0431146348849805
614.6917515424 0.040893717041524
615.47008051 0.038157013345104
616.2483301104 0.0386603132702452
617.0265003436 0.0386369889907742
617.8045912096 0.0396967478703953
618.5826027084 0.0359368752324023
619.36053484 0.0359440376779918
620.1383876044 0.0348891233467839
620.9161610016 0.037066799354264
621.6938550316 0.0360260905773289
622.4714696944 0.0360698421224039
623.24900499 0.0339590047703164
624.0264609184 0.0350834913910723
624.8038374796 0.0335110923612019
625.5811346736 0.0319304457833447
626.3583525004 0.0314319065449022
627.13549096 0.0347258216152109
627.9125500524 0.03421866297035
628.6895297776 0.0331655515091028
629.4664301356 0.0304715118686991
630.2432511264 0.0288596346624873
631.01999275 0.0283306781824576
631.7966550064 0.0305236849701671
632.5732378956 0.0294453336421626
633.3497414176 0.0294568150711227
634.1261655724 0.0289212183918259
634.90251036 0.0283820566004488
635.6787757804 0.0272993786232951
636.4549618336 0.0251225901985686
637.2310685196 0.0251297929202695
638.0070958384 0.0251397227825186
638.78304379 0.0256949366492011
639.5589123744 0.0251574123665187
640.3347015916 0.0251709326666737
641.1104114416 0.0246335461050183
641.8860419244 0.0240949789617989
642.66159304 0.0241046208999129
643.4370647884 0.0241168464155062
644.2124571696 0.022485329199643
644.9877701836 0.0224990739031425
645.7630038304 0.0230627798643438
646.53815811 0.0225253474476433
647.3132330224 0.0214393276102992
648.0882285676 0.0192553322120252
648.8631447456 0.019267671203151
649.6379815564 0.0209335355124218
650.412739 0.0203999527694501
651.1874170764 0.0215187698525459
651.9620157856 0.0198763361317608
652.7365351276 0.0204434700317245
653.5109751024 0.0226704492495977
654.28533571 0.0215806872791436
655.0596169504 0.022149961632275
655.8338188236 0.0232764141997713
656.6079413296 0.0221870839688663
657.3819844684 0.0194295309679376
658.15594824 0.0166677066124822
658.9298326444 0.0183491749949619
659.7036376816 0.0178068625401711
660.4773633516 0.0194950846418058
661.2510096544 0.0172840889930551
662.02457659 0.0139511824254522
662.7980641584 0.0134049386041088
663.5714723596 0.0128590435822616
664.3448011936 0.0128721846786521
665.1180506604 0.0145658126965842
665.89122076 0.014019006623046
666.6643114924 0.015155749248661
667.4373228576 0.0117993147871753
668.2102548556 0.00956266351864533
668.9831074864 0.00957296497369832
669.75588075 0.0107101645140421
670.5285746464 0.0112851489590309
671.3011891756 0.0107326724487536
672.0737243376 0.0107436050588062
672.8461801324 0.010754500522406
673.61855656 0.0130335925111587
674.3908536204 0.0141841265171068
675.1630713136 0.0147683542333382
675.9352096396 0.0136472019436528
676.7072685984 0.014233161165318
677.47924819 0.0119705389858552
678.2511484144 0.01198603422306
679.0229692716 0.0131443438721396
679.7947107616 0.0137326482847387
680.5663728844 0.0131779822290938
681.33795564 0.0114734940956682
682.1094590284 0.00919126887696274
682.8808830496 0.00920322719769558
683.6522277036 0.00921575764281355
684.4234929904 0.0126892944362196
685.19467891 0.0138610520587658
685.9657854624 0.0150373483768484
686.7368126476 0.0156363211169614
687.5077604656 0.0133392334273428
688.2786289164 0.0139411836103554
689.049418 0.0133810542949372
689.8201277164 0.01398471341758
690.5907580656 0.0145885990965032
691.3613090476 0.0140260098056081
692.1317806624 0.0111203945872465
692.90217291 0.0105510938637003
693.6724857904 0.0105669522406684
694.4427193036 0.0111709452145885
695.2128734496 0.0100112655799028
695.9829482284 0.0112069305286458
696.75294364 0.0106318372240722
697.5228596844 0.00946391411476865
698.2926963616 0.0112571479238631
699.0624536716 0.0100888430210296
699.8321316144 0.0124814263015881
700.60173019 0.0154798711161835
701.3712493984 0.0143154637845221
702.1406892396 0.0131432338083976
702.9100497136 0.0113670725859196
703.6793308204 0.0101886756697185
704.44853256 0.0108083630186549
705.2176549324 0.009023359549804
705.9866979376 0.0102438011614448
706.7556615756 0.00784680998739478
707.5245458464 0.00846678823852056
708.29335075 0.00727068053830274
709.0620762864 0.0072832980492337
709.8307224556 0.00912249337479028
710.5992892576 0.009752834671974
711.3677766924 0.0116084088342951
712.13618476 0.0104068588346406
712.9045134604 0.00920188985832096
713.6727627936 0.0104550480641607
714.4409327596 0.0117130494627118
715.2090233584 0.011119869323152
715.97703459 0.00928828568132997
716.7449664544 0.00744966318454972
717.5128189516 0.00684575449792099
718.2805920816 0.00436570887035021
719.0482858444 0.00437469208046732
719.81590024 0.00563759695869273
720.5834352684 0.00879195515610766
721.3508909296 0.00880993676693938
722.1182672236 0.00882618289168254
722.8855641504 0.00695087052840701
723.65278171 0.00760123268750793
724.4199199024 0.0101572253423176
725.1869787276 0.0127219791925311
725.9539581856 0.0108371851822702
726.7208582764 0.0127823651239561
727.487679 0.0115333450886582
728.2544203564 0.00963155770618856
729.0210823456 0.00900864194412672
729.7876649676 0.00967793301808879
730.5541682224 0.00970613106200125
731.32059211 0.00843265330790956
732.0869366304 0.00844981377443261
732.8532017836 0.00846833464317121
733.6193875696 0.00587659401791336
734.3854939884 0.00719662170517173
735.15152104 0.00589631201557151
735.9174687244 0.00721580687641223
736.6833370416 0.00525618631912663
737.4491259916 0.00460626886595637
738.2148355744 0.00395124069194904
738.98046579 0.00395204328442135
739.7460166384 0.00527203030073651
740.5114881196 0.00659739558106061
741.2768802336 0.00528328681592496
742.0421929804 0.00528691229169085
742.80742636 0.00727653647868176
743.5725803724 0.00728949396099075
744.3376550176 0.00664177415272105
745.1026502956 0.00732043967387208
745.8675662064 0.00666760364988367
746.63240275 0.00668553377918917
747.3971599264 0.00603787432446622
748.1618377356 0.0080794900678065
748.9264361776 0.00607913084948388
749.6909552524 0.00677576697176891
750.45539496 0.00680054855093829
751.2197553004 0.00341386313381278
751.9840362736 0.00342565164218195
752.7482378796 0.00343519201496274
753.5123601184 0.00137784629975066
754.27640299 0.000691103954057275
755.0403664944 9.84764137596116E-09
755.8042506316 0.000694919786811613
756.5680554016 -0.000696238869958804
757.3317808044 -0.000697530779113134
758.09542684 -0.000699046754070437
758.8589935084 0
759.6224808096 0.0021042230403843
760.3858887436 0.00140407862617987
761.1492173104 0.00351495546171223
761.91246651 0.00493005410776676
762.6756363424 0.00493880174058616
763.4387268076 0.00565163256525456
764.2017379056 0.00424373056082341
764.9646696364 0.00283423205696294
765.727522 0.0042627961995416
766.4902949964 0.00498715958377906
767.2529886256 0.00642831129086163
768.0156028876 0.00644495705129617
768.7781377824 0.00934112975918291
769.54059331 0.00793721478773551
770.3029694704 0.00942088557167406
771.0652662636 0.0138231578519905
771.8274836896 0.0146093112353876
772.5896217484 0.0146759373324135
773.35168044 0.0132738675210378
774.1136597644 0.0125987721760136
774.8755597216 0.011911905846685
775.6373803116 0.0119641548462011
776.3991215344 0.0112710120886154
777.16078339 0.0105752132626391
777.9223658784 0.0106297286790589
778.6838689996 0.00762892185104056
779.4452927536 0.00613170998181866
780.2066371404 0.00693134393961603
780.96790216 0.00928869986532693
781.7290878124 0.0140048161423884
782.4901940976 0.0140738141593503
783.2512210156 0.0133550921025205
784.0121685664 0.0126296803615581
784.77303675 0.0134852076325583
785.5338255664 0.0135510606720011
786.2945350156 0.0144169323979089
787.0551650976 0.0185098519767154
787.8157158124 0.0169779811143248
788.57618716 0.0178696499980609
789.3365791404 0.0155074094916117
790.0968917536 0.0155826075340231
790.8571249996 0.0181279921421521
791.6172788784 0.0182137852663393
792.37735339 0.0174668866004481
793.1373485344 0.0150417518634333
793.8972643116 0.0142725441556316
794.6571007216 0.0118091709858916
795.4168577644 0.0118655835040726
796.17653544 0.0127740295890933
796.9361337484 0.0102653902076438
797.6956526896 0.0103092874652776
798.4550922636 0.00604060531100852
799.2144524704 0.00606952650459676
799.97373331 0.00522789634196706
800.7329347824 0.00350186102919232
801.4920568876 0.00439618718411677
802.2510996256 0.00264824789700585
803.0100629964 0.00354588025994527
803.768947 0.000890685587814977
804.5277516364 0.00179044450701626
805.2864769056 0.00269871881993842
806.0451228076 0.00271031205270171
806.8036893424 0.00453384071429576
807.56217651 0.00182076178137259
808.3205843104 8.66138358665964E-09
809.0789127436 0.00275763758961592
809.8371618096 0.00369519210725863
810.5953315084 0.00834774977219936
811.35342184 0.0111686039158445
812.1114328044 0.0121457339222819
812.8693644016 0.00938691710185195
813.6272166316 0.00849143061580189
814.3849894944 0.00947870903409271
815.14268299 0.0104667682016609
815.9002971184 0.0114554944227376
816.6578318796 0.0143731679490855
817.4152872736 0.0115528621188545
818.1726633004 0.0116150767825346
818.92995996 0.00875414623255707
819.6871772524 0.00781169092189154
820.4443151776 0.0107745893211486
821.2013737356 0.0157265390993036
821.9583529264 0.0148112608960146
822.71525275 0.0129063601991055
823.4720732064 0.0119751236313685
824.2288142956 0.0110198552180915
824.9854760176 0.0100456759433448
825.7420583724 0.0130926281046968
826.49856136 0.0141547142454653
827.2549849804 0.0142300266011384
828.0113292336 0.0132865730819824
828.7675941196 0.0112918427922532
829.5237796384 0.00411702606800645
830.27988579 0.00515693395339851
831.0359125744 0.00620909568286953
831.7918599916 0.00624045326705078
832.5477280416 0.006277675977479
833.3035167244 0.00315539806281191
834.05922604 0.00316653221905453
834.8148559884 0.00317373339747994
835.5704065696 0.00212119806778978
836.3258777836 1.51280846699195E-08
837.0812696304 -0.00214245203612031
837.83658211 0.00107773599613763
838.5918152224 0.00541326925824026
839.3469689676 0.00759751134889981
840.1020433456 0.0119602180171442
840.8570383564 0.0119955884782522
841.611954 0.0164387740376946
842.3667902764 0.0154380976769442
843.1215471856 0.0121966159578151
843.8762247276 0.0144637120958135
844.6308229024 0.0144875850935391
845.38534171 0.0156272628601566
846.1397811504 0.013442621501451
846.8941412236 0.00901113548179278
847.6484219296 0.00566720134247968
848.4026232684 0.00227833307117082
849.15674524 0.00456889033136651
849.9107878444 0.00457461634564039
850.6647510816 0.00343792994321108
851.4186349516 0.00460393306714268
852.1724394544 0.00115817819196194
852.92616459 0.00466264116497248
853.6798103584 0.00468483874917945
854.4333767596 0.00821683366069849
855.1868637936 0.00940161443638387
855.9402714604 0.009423228846563
856.69359976 0.0106509036339801
857.4468486924 0.00833784574798944
858.2000182576 0.00959052634896639
858.9531084556 0.0120411086666712
859.7061192864 0.0132690701668424
860.45905075 0.0181168214806222
861.2119028464 0.0181658254629032
861.9646755756 0.0231263178231849
862.7173689376 0.0245076892939078
863.4699829324 0.0246635146774825
864.22251756 0.0247732456639691
864.9749728204 0.0223423134099045
865.7273487136 0.0261025432410741
866.4796452396 0.0274272588711175
867.2318623984 0.0288244758145838
867.98400019 0.0302791566735586
868.7360586144 0.0304708250428858
869.4880376716 0.0293236493501253
870.2399373616 0.0242702068958659
870.9917576844 0.025583566765558
871.74349864 0.0256608739801074
872.4951602284 0.027090998567759
873.2467424496 0.029873252838784
873.9982453036 0.0222181067840752
874.7496687904 0.0157525715891427
875.50101291 0.0105247232617939
876.2522776624 0.00527049307847525
877.0034630476 0.00528517699002537
877.7545690656 0.00664051811216216
878.5055957164 0.010699196358897
879.256543 0.00134645658535886
880.0074109164 0.00270587083122449
880.7581994656 0.00406942634729818
881.5089086476 0.00407675439253998
882.2595384624 0.00953728302013964
883.01008891 0.0136917083570045
883.7605599904 0.0151614104356493
884.5109517036 0.0194283497977684
885.2612640496 0.0139559057789788
886.0114970284 0.0140084154895978
886.76165064 0.00982642180544744
887.5117248844 0.0168835658002668
888.2617197616 0.0155380177868329
889.0116352716 0.0142086817042318
889.7614714144 0.0128760573966353
890.51122819 0.0129584939711762
891.2609055984 0.0144611388590979
892.0105036396 0.01885221425661
892.7600223136 0.01744432312206
893.5094616204 0.0175015914264263
894.25882156 0.0146575463122229
895.0081021324 0.0177039195457259
895.7573033376 0.0178281897803672
896.5064251756 0.0209237554816043
897.2554676464 0.0270198709237387
898.00443075 0.0301133428485182
898.7533144864 0.0317125026720412
899.5021188556 0.0303263977972198
900.2508438576 0.0274466829996621
900.9994894924 0.0307036019731139
901.74805576 0.0340008518332402
902.4965426604 0.0372984229498553
903.2449501936 0.0358995085635745
903.9932783596 0.0344564785345176
904.7415271584 0.0298582264208882
905.48969659 0.0252543821780096
906.2377866544 0.0254048374481255
906.9857973516 0.020785633668611
907.7337286816 0.0209304769817439
908.4815806444 0.0194359067127534
909.22935324 0.0179041832287915
909.9770464684 0.0212462685207532
910.7246603296 0.0229688885222966
911.4721948236 0.0247241708336929
912.2196499504 0.0232135143616639
912.96702571 0.0166983556893959
913.7143221024 0.00672968150529201
914.4615391276 0.00338800571666128
915.2086767856 0.0119244548105931
915.9557350764 0.0154015903841072
916.702714 0.0206168552132153
917.4496135564 0.0172497497905329
918.1964337456 0.00693421918554717
918.9431745676 4.5424587280238E-08
919.6898360224 4.57073854919207E-08
920.43641811 0.00176431691602188
921.1829208304 0.00885491212409875
921.9293441836 0.019518876499091
922.6756881696 0.0124296982970425
923.4219527884 0.00532821988898697
924.16813804 -8.41538386333754E-09
924.9142439244 -0.00356102707419296
925.6602704416 0.00357082788503997
926.4062175916 0.0161076484254228
927.1520853744 0.0197208102091097
927.89787379 0.0143551512209015
928.6435828384 0.0143595387192087
929.3892125196 0.0161646517365017
930.1347628336 0.0143921611265681
930.8802337804 0.021654253552358
931.62562536 0.0217620956317817
932.3709375724 0.0237168807713927
933.1161704176 0.0238674245898785
933.8613238956 0.0203191255134357
934.6063980064 0.0167229143023088
935.35139275 0.0186870332340656
936.0963081264 0.0244405824915926
936.8411441356 0.0284017665828065
937.5859007776 0.0248225572697263
938.3305780524 0.0269897474288154
939.07517596 0.0253250217507696
939.8196945004 0.0236189840427981
940.5641336736 0.0218650479312232
941.3084934796 0.0240686586794334
942.0527739184 0.0202340262679631
942.79697499 0.0163304095477987
943.5410966944 0.0144224588628309
944.2851390316 0.0166456678686576
945.0291020016 0.0147160772712597
945.7729856044 0.0254949870577443
946.51678984 0.0236021710024106
947.2605147084 0.0216465823472835
948.0041602096 0.0240124740664147
948.7477263436 0.0242129913188477
949.4912131104 0.0244162996124288
950 0.0259020087290851
950.1 0.0247544459943783
950.2 0.0227186584076571
950.3 0.0276376774091567
950.4 0.0233206653959224
950.5 0.0188674167576945
950.6 0.0147116411141594
950.7 0.0112288106263303
950.8 0.00870083133741524
950.9 0.00729258425553725
951 0.00704222763910085
951.4546673696 0.0034497792873561
953.0678593429 0.00839317922334867
954.68092721 0.00189892716317565
956.2938709709 0.00302624915890282
957.9066906256 -0.00113125836367133
959.5193861741 0.00150292082368367
961.1319576164 0.00149849073103725
962.7444049525 0.00709760575903187
964.3567281824 -0.0014903353346377
965.9689273061 0.0037156065915074
967.5810023236 -0.00111236002632475
969.1929532349 0.00591903853074648
970.80478004 0.00295308335635145
972.4164827389 0.00663081328252527
974.0280613316 0.00441073002104235
975.6395158181 0.00440034704362758
977.2508461984 0.00256031034836865
978.8620524725 0.00401273257702846
980.4731346404 -0.00109175907582286
982.0840927021 0.00217663085588504
983.6949266576 -0.00506172164563454
985.3056365069 -0.0039627471530386
986.91622225 -0.00322954486808408
988.5266838869 -0.00250235783421149
990.1370214176 -0.00676601140960166
991.7472348421 -0.00744710455399
993.3573241604 -0.00494343781919566
994.9672893725 -0.00492133693564702
996.5771304784 -0.0101473618447745
998.1868474781 -0.00800914325414515
999.7964403716 -0.00450600740573206
1001.4059091589 -0.00759089531111443
1003.01525384 -0.00480869595680468
1004.6244744149 -0.0123079342856419
1006.2335708836 -0.0173513911943579
1007.8425432461 -0.0138788206960982
1009.4513915024 -0.0131363365812368
1011.0601156525 -0.0154164463748112
1012.6687156964 -0.01233724260773
1014.2771916341 -0.00630293256925842
1015.8855434656 -0.00660226781708689
1017.4937711909 -0.00722629643245331
1019.10187481 -0.00196107117505147
1020.7098543229 -0.00780339808323848
1022.3177097296 -0.00614572717650729
1023.9254410301 -0.000965136404662105
1025.5330482244 -0.000319955409946384
1027.1405313125 -0.00159050260043224
1028.7478902944 -0.00189804460243732
1030.3551251701 -0.0050332447200231
1031.9622359396 -0.0122000348412137
1033.5692226029 -0.00622017102126014
1035.17608516 -0.00711076301772767
1036.7828236109 -0.00706887873788586
1038.3894379556 -0.00519473920679895
1039.9959281941 -0.00394962998459209
1041.6022943264 -0.00211504034142679
1043.2085363525 -0.00390626946006681
1044.8146542724 -0.00269070353152005
1046.4206480861 -0.000297600029740894
1048.0265177936 0.00177719243709299
1049.6322633949 0.00649068867481238
1051.23788489 0.002645586966807
1052.8433822789 0.00263707560825767
1054.4487555616 1.34921513302005E-08
1056.0540047381 0.00408210852381543
1057.6591298084 0.00291060861117846
1059.2641307725 -0.000290698881382669
1060.8690076304 0.00145200323437057
1062.4737603821 -1.92072638089023E-08
1064.0783890276 -0.000580264543047349
1065.6828935669 -0.000870066022007868
1067.287274 -0.00115983001970301
1068.8915303269 -0.00405841096052732
1070.4956625476 -0.00463650748726596
1072.0996706621 0.000289664748902924
1073.7035546704 -0.00376332497255731
1075.3073145725 -0.00347252608371697
1076.9109503684 -0.0063634663658195
1078.5144620581 -0.00404753245536423
1080.1178496416 -0.00231094149372718
1081.7211131189 -0.00202050594475571
1083.32425249 -0.00230733992138326
1084.9272677549 -0.00172899266330648
1086.5301589136 0.00287879454319826
1088.1329259661 0.00172594932594501
1089.7355689124 -0.00287444135351884
1091.3380877525 0.00200985613369553
1092.9404824864 0.00315501412553904
1094.5427531141 0.00601680321428085
1096.1448996356 0.00200323849885676
1097.7469220509 0.00085756967440645
1099.34882036 0.00513843030803319
1100.9505945629 0.00655540253322322
1102.5522446596 0.00768289616014532
1104.1537706501 0.00625028343118482
1105.7551725344 0.00822669031857531
1107.3564503125 0.00877970300501034
1108.9576039844 0.00678581180376612
1110.5586335501 0.0107248928834878
1112.1595390096 0.0126796406569965
1113.7603203629 0.0101290352983269
1115.36097761 0.0134864537740179
1116.9615107509 0.00701264419632027
1118.5619197856 0.00615995485544554
1120.1622047141 0.00223572371221584
1121.7623655364 0.00474101081760482
1123.3624022525 0.00139147730267873
1124.9623148624 0.00471949358027805
1126.5621033661 0.00719911140865106
1128.1617677636 0.00635003991532405
1129.7613080549 0.00632802901251923
1131.36072424 0.0112376120362062
1132.9600163189 0.00682553008202877
1134.5591842916 0.00924459263380158
1136.1582281581 0.00785174623396811
1137.7571479184 0.00889653463122301
1139.3559435725 0.00295271591628636
1140.9546151204 0.00187069133643743
1142.5531625621 0.00345874794208022
1144.1515858976 0.00105971537990395
1145.7498851269 -0.000790961138493296
1147.34806025 -0.00314964580700815
1148.9461112669 -0.00496442515328414
1150.5440381776 -0.00260063204346177
1152.1418409821 -0.0031067864878494
1153.7395196804 3.95768814798714E-08
1155.3370742725 -0.00256570218286482
1156.9345047584 -0.00306413376488532
1158.5318111381 0.00279568936949852
1160.1289934116 -0.00404803104419992
1161.7260515789 -0.00705176237792806
1163.32298564 -0.00727184531581434
1164.9197955949 -0.00749124645398633
1166.5164814436 -0.00845499990374269
1168.1130431861 -0.0066872501819226
1169.7094808224 -0.00616689630097468
1171.3057943525 -0.0083554810436944
1172.9019837764 -0.00636671110739418
1174.4980490941 -0.00561282420389076
1176.0939903056 -0.00632189444075199
1177.6898074109 -0.00218057580833227
1179.28550041 -0.00193178742219144
1180.8810693029 0.000962838240772943
1182.4765140896 -0.000479977929445286
1184.0718347701 0.000717666125213319
1185.6670313444 -0.00214632316702981
1187.2621038125 -0.00380429034213321
1188.8570521744 -0.00379280209769321
1190.4518764301 -0.00118177360109122
1192.0465765796 -0.00282794487305815
1193.6411526229 -0.00352557982853282
1195.23560456 -0.00257815979775766
1196.8299323909 -0.00116858082761039
1198.4241361156 -0.00535935378889489
1200.0182157341 -9.06348809215667E-08
1201.6121712464 -0.000927325473717263
1203.2060026525 -0.00300643328956927
1204.7997099524 -0.00507458062572554
1206.3932931461 -0.00437111817185921
1207.9867522336 -0.00619633333565535
1209.5800872149 -0.00206062636136768
1211.17329809 -0.0015989745357103
1212.7663848589 -0.00319104604777554
1214.3593475216 -0.00477639524510287
1215.9521860781 -0.00295046858226806
1217.5449005284 -0.00611635740012891
1219.1374908725 -0.00700872629629215
1220.7299571104 -0.00519156618874179
1222.3222992421 -0.00247963403008211
1223.9145172676 -0.00315224463107069
1225.5066111869 -0.00359852330821474
1227.098581 -0.00426917054702653
1228.6904267069 -0.00538896591689942
1230.2821483076 -0.00561152127553651
1231.8737458021 -0.00695622453938127
1233.4652191904 -0.00717967835072365
1235.0565684725 -0.0096447740973917
1236.6477936484 -0.0069534537728416
1238.2388947181 -0.00785125542161833
1239.8298716816 -0.00718015009920701
1241.4207245389 -0.00740599348372877
1243.01145329 -0.00628437776802926
1244.6020579349 -0.00606106100526257
1246.1925384736 -0.00875562959005433
1247.7828949061 -0.00695926167967234
1249.3731272324 -0.00673544965666865
1250.9632354525 -0.00898202082420928
1252.5532195664 -0.00583908834632005
1254.1430795741 -0.00786083553519633
1255.7328154756 -0.00718751417363045
1257.3224272709 -0.00651319686388591
1258.91191496 -0.00830997443197716
1260.5012785429 -0.0114553769195823
1262.0905180196 -0.00830986727649715
1263.6796333901 -0.0069620741167649
1265.2686246544 -0.00561440405207574
1266.8574918125 -0.00359304517399838
1268.4462348644 -0.00314348201984027
1270.0348538101 -0.00336766690104328
1271.6233486496 -0.00336619646990558
1273.2117193829 -0.00471025761766489
1274.79996601 -0.0069488992732402
1276.3880885309 -0.00515256683334158
1277.9760869456 -0.00291042346612846
1279.5639612541 -0.00626521137867461
1281.1517114564 -0.00603628101871781
1282.7393375525 -0.00848892536258674
1284.3268395424 -0.00624979993822536
1285.9142174261 -0.00579835657737362
1287.5014712036 -0.00601535409501577
1289.0886008749 -0.0082370834304274
1290.67560644 -0.00578272465956109
1292.2624878989 -0.00466790208801296
1293.8492452516 -0.00466521330052239
1295.4358784981 -0.00666129537003166
1297.0223876384 -0.00821034249261442
1298.6087726725 -0.00931422025918362
1300.1950336004 -0.0101924492538513
1301.7811704221 -0.0101847471226074
1303.3671831376 -0.0128304076374479
1304.9530717469 -0.0106112100715786
1306.53883625 -0.00883474160747605
1308.1244766469 -0.00794450411617472
1309.7099929376 -0.00947757983339986
1311.2953851221 -0.00726315310006757
1312.8806532004 -0.00725189010818579
1314.4657971725 -0.0063632216595965
1316.0508170384 -0.00372474322342884
1317.6357127981 -0.00350035701026421
1319.2204844516 -0.00458658244079473
1320.8051319989 -0.00261704147742748
1322.38965544 -0.00413654938599803
1323.9740547749 -0.00304310853126378
1325.5583300036 -0.00412327438784669
1327.1424811261 -0.0017334863454084
1328.7265081424 -0.00454366206449409
1330.3104110525 0.000648206265173695
1331.8941898564 -0.00215791883155079
1333.4778445541 -0.00344838093616701
1335.0613751456 -0.00215278442235161
1336.6447816309 -0.00580723292499176
1338.22806401 -0.00623342025834725
1339.8112222829 -0.00752419079883254
1341.3942564496 -0.00688534361445484
1342.9771665101 -0.00625286961701416
1344.5599524644 -0.00951534612192209
1346.1426143125 -0.0069490731166637
1347.7251520544 -0.00851481312915897
1349.3075656901 -0.00769796223628715
1350.8898552196 -0.00576659214691172
1352.4720206429 -0.00962542803569976
1354.05406196 -0.00429374181756446
1355.6359791709 -0.00387870906819277
1357.2177722756 -0.00621699280086317
1358.7994412741 -0.00696676542086366
1360.3809861664 -0.00724595360205267
1361.9624069525 -0.00610228354344177
1363.5437036324 -0.00705562364502568
1365.1248762061 -0.00869978432383858
1366.7059246736 -0.00422243299689386
1368.2868490349 -0.0060795489268152
1369.86764929 -0.00722379716721286
1371.4483254389 -0.00835819582406531
1373.0288774816 -0.00416239675786546
1374.6093054181 -0.00276487436783541
1376.1896092484 -0.00367298183471547
1377.7697889725 -0.000915640187096873
1379.3498445904 -0.00114268148601923
1380.9297761021 -0.00250958346309757
1382.5095835076 -0.00204994989449023
1384.0892668069 -0.00499988727304739
1385.668826 -0.00453170207085925
1387.2482610869 -3.97067433184425E-08
1388.8275720676 -0.00247526121786863
1390.4067589421 -0.0049324931634992
1391.9858217104 -0.00357214534246212
1393.5647603725 -0.00422375100550548
1395.1435749284 -0.00420273420668154
1396.7222653781 -0.0015405388925307
1398.3008317216 -0.00350595076596545
1399.8792739589 -0.00283629215791085
1401.45759209 -0.00152076662444556
1403.0357861149 -0.00259710072350725
1404.6138560336 -0.00323000725342982
1406.1918018461 -0.00171453409922103
1407.7696235524 -0.00362393931724054
1409.3473211525 -0.00317878967891156
1410.9248946464 -0.00105328947538544
1412.5023440341 -0.00461007315051071
1414.0796693156 -0.00437629941054678
1415.6568704909 -0.00124360736907415
1417.23394756 -0.00412530225159284
1418.8109005229 -0.00390150442465005
1420.3877293796 -0.00367955045799924
1421.9644341301 0.000407294634755104
1423.5410147744 0.000202861858586893
1425.1174713125 0.00222521563874614
1426.6938037444 0.00221922135056994
1428.2700120701 0.0010063797073921
1429.8460962896 0.000803282351021316
1431.4220564029 -0.000401162668782538
1432.99789241 0.0008007695132529
1434.5736043109 0.00419901628438681
1436.1491921056 0.00179688177010895
1437.7246557941 0.00478613825046795
1439.2999953764 -0.000796670731287798
1440.8752108525 0.00298364590203938
1442.4503022224 0.00357566527173903
1444.0252694861 0.00277824256806906
1445.6001126436 0.00138682762605811
1447.1748316949 0.00296804688334031
1448.74942664 0.00276589166235191
1450.3238974789 0.00157829919100826
1451.8982442116 -0.000788062481393322
1453.4724668381 0.00216444482446884
1455.0465653584 -0.000589769826858389
1456.6205397725 0.000589225118504561
1458.1943900804 -0.00490720223567148
1459.7681162821 -0.00588703958964389
1461.3417183776 -0.00353084065842256
1462.9151963669 -0.00569033201955275
1464.48855025 -0.00392466383437488
1466.0617800269 -0.00490790308619176
1467.6348856976 -0.00628383128269333
1469.2078672621 -0.00491174443404331
1470.7807247204 -0.00726905678009814
1472.3534580725 -0.00687565439148286
1473.9260673184 -0.00628479223175875
1475.4985524581 -0.00373113000978485
1477.0709134916 -0.00471106571675067
1478.6431504189 -0.00706341610094506
1480.21526324 -0.00215638890823126
1481.7872519549 -0.00489725677983309
1483.3591165636 -0.00587113920088668
1484.9308570661 -0.00195591668698985
1486.5024734624 -0.00488663060069497
1488.0739657525 -0.00332179838433459
1489.6453339364 -0.00390597840212178
1491.2165780141 -0.00292833213336738
1492.7876979856 -0.00487704855935307
1494.3586938509 -0.0040938699958334
1495.92956561 -0.00155870498567532
1497.5003132629 -0.00194774084826626
1499.0709368096 -0.00116813062896011
1500.6414362501 0.000973099704302569
1502.2118115844 -0.00252932668837064
1503.7820628125 0.000389099609978342
1505.3521899344 0.00116755913042101
1506.9221929501 -0.00116803628463865
1508.4920718596 -0.000194743479586984
1510.0618266629 -0.000194901036270159
1511.63145736 0.00019515439692333
1513.2009639509 -0.00136738720373812
1514.7703464356 3.34433749486388E-08
1516.3396048141 -0.00215480706496238
1517.9087390864 -0.00313910867911645
1519.4777492525 -0.00235875536802965
1521.0466353124 -0.00295322212955034
1522.6153972661 -0.00394429354613411
1524.1840351136 -0.00177750161334175
1525.7525488549 -0.00475052489239382
1527.32093849 -0.00495707365616425
1528.8892040189 -0.00576155982408048
1530.4573454416 -0.00397988522295349
1532.0253627581 -0.00657929755100208
1533.5932559684 -0.00539083498904554
1535.1610250725 -0.00139979843234493
1536.7286700704 -0.00240211961423676
1538.2961909621 -0.0010022541237854
1539.8635877476 -0.0038119182695218
1541.4308604269 -0.00341477707169032
1542.998009 -0.00100498765438284
1544.5650334669 0.000402357313350736
1546.1319338276 -0.000402843739836815
1547.6987100821 -0.00241956217751579
1549.2653622304 -0.00181630486514571
1550.8318902725 -0.00363709452266775
1552.3982942084 -0.00647215257172114
1553.9645740381 -0.00364498190997049
1555.5307297616 -0.00547252205608838
1557.0967613789 -0.00487057815691885
1558.66266889 -0.00101576061219348
1560.2284522949 -0.00589824209460089
1561.7941115936 -0.00447804127954672
1563.3596467861 -0.00590920198847667
1564.9250578724 -0.00530274311407366
1566.4903448525 -0.00490006359565438
1568.0555077264 -0.00326900706745797
1569.6205464941 -0.00490862656666735
1571.1854611556 -0.00716535424305719
1572.7502517109 -0.00717433106644267
1574.31491816 -0.00369318566523562
1575.8794605029 -0.00903951907324965
1577.4438787396 -0.00370234387555436
1579.0081728701 -0.00288376880063633
1580.5723428944 -0.00103119339905446
1582.1363888125 0.000413092522940061
1583.7003106244 -0.00103410094417636
1585.2641083301 0.00103589905101015
1586.8277819296 0.00249008135999675
1588.3913314229 0.00166304175945091
1589.95475681 0.00166605476567245
1591.5180580909 -0.000417395752972481
1593.0812352656 0.000418009138704066
1594.6442883341 0.000209359040218149
1596.2072172964 -0.00167883390559912
1597.7700221525 -0.00147196998622133
1599.3327029024 -0.00316008467590055
1600.8952595461 -0.0021063422925035
1602.4576920836 -0.00527589118296822
1604.0200005149 -0.00592269788933214
1605.58218484 -0.00614590580355898
1607.1442450589 -0.00509716526384949
1608.7061811716 -0.00531980852788495
1610.2679931781 -0.00533222717651038
1611.8296810784 -0.00790911108590575
1613.3912448725 -0.00857441194536805
1614.9526845604 -0.00924296136356864
1616.5140001421 -0.00755077045401493
1618.0751916176 -0.00865643983126714
1619.6362589869 -0.00608279008066319
1621.19720225 -0.00436156581573267
1622.7580214069 -0.00372576241392503
1624.3187164576 -0.00528765871554173
1625.8792874021 -0.00598731431607823
1627.4397342404 -0.00268040009922594
1629.0000569725 -0.00383069568635383
1630.5602555984 -0.00523432795973409
1632.1203301181 -0.00668190304437898
1633.6802805316 -0.0100463134882507
1635.2401068389 -0.00855950381723035
1636.79980904 -0.00800589438991273
1638.3593871349 -0.0121796421357805
1639.9188411236 -0.00843370191645871
1641.4781710061 -0.00712859095891872
1643.0373767824 -0.00712057759972629
1644.5964584525 -0.00885164260736218
1646.1554160164 -0.00777393277503965
1647.7142494741 -0.00283332328564898
1649.2729588256 -0.00332777886561236
1650.8315440709 -0.00106062213548054
1652.39000521 -0.00263792081662568
1653.9483422429 -0.000403695668805166
1655.5065551696 0.00173128166012773
1657.0646439901 -0.00605551787212999
1658.6226087044 -0.00451401924375106
1660.1804493125 -0.00649178370696709
1661.7381658144 -0.00583064050937767
1663.2957582101 -0.00691384402262716
1664.8532264996 -0.00337976891857112
1666.4105706829 0.00508320561881054
1667.96779076 0.00311098805424882
1669.5248867309 0.00332766377120453
1671.0818585956 -0.00620382344693641
1672.6387063541 -0.0141405420552794
1674.1954300064 -0.0129804790047728
1675.7520295525 -0.0306258352904483
1677.3085049924 -0.0311470046919761
1678.8648563261 -0.0491388535558941
1680.4210835536 -0.057619306180881
1681.9771866749 -0.0744058202321073
1683.53316569 -0.086958616148036
1685.0890205989 -0.0808221504864592
1686.6447514016 -0.0781018093645363
1688.2003580981 -0.0779526868252027
1689.7558406884 -0.0635093473391051
1691.3111991725 -0.0767842011682212
1692.8664335504 -0.0724876735181769
1694.4215438221 -0.0474690112399172
1695.9765299876 -0.0556687458986807
1697.5313920469 -0.0374706925158456
1699.08613 -0.0474607069981612
1700.6407438469 -0.0541382724469079
1702.1952335876 -0.0628380589014399
1703.7495992221 -0.0893177437205405
1705.3038407504 -0.0869281297682711
1706.8579581725 -0.112554552468243
1708.4119514884 -0.0918332192364863
1709.9658206981 0.068557941123764
1711.5195658016 -0.348968447647557
1713.0731867989 0.093650135772251
1714.62668369 -0.35724136686517
1716.1800564749 -0.35724136686517
