293.753818 0
294.5642113164 0
295.3745252656 0
296.1847598476 0
296.9949150624 4.23122487882942
297.80499091 3.65158280324097
298.6149873904 4.03104548902563
299.4249045036 4.34479147788614
300.2347422496 3.78919277101942
301.0445006284 3.14711826985964
301.85417964 2.57791828356245
302.6637792844 3.27492348754124
303.4732995616 2.34226797651967
304.2827404716 3.03287834371699
305.0921020144 2.16053025138529
305.90138419 3.31040229003874
306.7105869984 3.2181788651257
307.5197104396 2.30807004987772
308.3287545136 1.8645193797003
309.1377192204 2.06504201005827
309.94660456 1.70666223483848
310.7554105324 1.94757319137527
311.5641371376 2.23895085319063
312.3727843756 1.8257228770281
313.1813522464 2.43086566826955
313.98984075 2.60824239397217
314.7982498864 1.8960376949366
315.6065796556 1.32081370127114
316.4148300576 1.33952644459913
317.2230010924 2.14499233821961
318.03109276 1.62739757629892
318.8391050604 1.09163917349868
319.6470379936 1.80136445656047
320.4548915596 1.54686879755908
321.2626657584 2.02354871797826
322.07036059 1.55181459389722
322.8779760544 1.33413128571821
323.6855121516 1.57159425356941
324.4929688816 1.52601675542994
325.3003462444 2.12849405982279
326.10764424 1.04033956086362
326.9148628684 1.5879625834904
327.7220021296 1.39773840792605
328.5290620236 1.06642639321714
329.3360425504 1.39699763417416
330.14294371 1.35381512115707
330.9497655024 1.63847858198333
331.7565079276 1.4656635325425
332.5631709856 1.30458305922083
333.3697546764 1.37012582744636
334.176259 1.41811867260211
334.9826839564 1.52968731536551
335.7890295456 1.20735078471933
336.5952957676 1.57601185468929
337.4014826224 1.95027748558218
338.20759011 1.9920263300891
339.0136182304 2.44403992132483
339.8195669836 2.2767833732263
340.6254363696 2.81740644165219
341.4312263884 2.9782662855073
342.23693704 3.25996036011919
343.0425683244 3.78479783190929
343.8481202416 3.91414305510858
344.6535927916 4.28476138197271
345.4589859744 4.73405411080074
346.26429979 5.05791586612683
347.0695342384 5.65737374477937
347.8746893196 5.97951776937566
348.6797650336 6.34988963758223
349.4847613804 6.96204000043053
350.28967836 7.39325625541192
351.0945159724 7.83298008147858
351.8992742176 8.64382861202652
352.7039530956 9.30080292072116
353.5085526064 10.3110952923951
354.31307275 10.9909945237997
355.1175135264 12.4253478879425
355.9218749356 14.2049055841157
356.7261569776 16.5221969094239
357.5303596524 19.8795685211006
358.33448296 23.7823515108106
359.1385269004 29.4684287676741
359.9424914736 36.5056455061519
360.7463766796 45.2533029357067
361.5501825184 55.4521980544432
362.35390899 67.4981911163095
363.1575560944 81.4278374793383
363.9611238316 96.8266178077014
364.7646122016 114.287111171589
365.5680212044 132.154525151632
366.37135084 149.697812841532
367.1746011084 165.780162634979
367.9777720096 181.691883581832
368.7808635436 194.25121882404
369.5838757104 203.876385317097
370.38680851 210.652644108805
371.1896619424 214.196601517391
371.9924360076 214.019343687631
372.7951307056 211.406527566595
373.5977460364 206.177201022446
374.400282 198.307557845751
375.2027385964 187.670352434315
376.0051158256 175.878643178712
376.8074136876 164.827088728184
377.6096321824 154.289517224129
378.41177131 143.185864767326
379.2138310704 131.835667586808
380.0158114636 120.181235116581
380.8177124896 108.968475890922
381.6195341484 97.8311987460836
382.42127644 87.7886140614751
383.2229393644 78.7739350003077
384.0245229216 70.3190510410502
384.8260271116 62.8263980028167
385.6274519344 55.9425326110818
386.42879739 49.6819409899978
387.2300634784 44.1860785898996
388.0312501996 39.0940400313351
388.8323575536 34.7944680183672
389.6333855404 31.0921957854912
390.43433416 27.8974797721899
391.2352034124 24.9148248520555
392.0359932976 22.2031275745022
392.8367038156 19.695959992923
393.6373349664 17.226343636352
394.43788675 15.0329309063595
395.2383591664 13.2154888939624
396.0387522156 11.7498693383852
396.8390658976 10.3822169478944
397.6393002124 9.4517924774438
398.43945516 8.38275605952471
399.2395307404 7.37080389094139
400.0395269536 6.55639759909367
400.8394437996 5.73746157865564
401.6392812784 5.12292745643179
402.43903939 4.66501633776365
403.2387181344 4.20557013042126
404.0383175116 3.69213138691996
404.8378375216 3.34314553018748
405.6372781644 2.99335023402229
406.43663944 2.73612483917961
407.2359213484 2.45923781199714
408.0351238896 2.21765309151756
408.8342470636 2.05747913016982
409.6332908704 1.97171985124976
410.43225531 1.74497698467394
411.2311403824 1.58617460633421
412.0299460876 1.47016801390381
412.8286724256 1.34040351215453
413.6273193964 1.30264612725341
414.425887 1.25339680500739
415.2243752364 1.17867943330626
416.0227841056 1.11468016040081
416.8211136076 1.07480961493704
417.6193637424 1.00031217347738
418.41753451 0.930195618955723
419.2156259104 0.863943374376269
420.0136379436 0.876034816644123
420.8115706096 0.821719576093981
421.6094239084 0.787389315191136
422.40719784 0.763157802296665
423.2048924044 0.770451968976885
424.0025076016 0.685970953395706
424.8000434316 0.667378997834541
425.5974998944 0.684487595149172
426.39487699 0.643863274659904
427.1921747184 0.622937096878953
427.9893930796 0.603948066224129
428.7865320736 0.582202914534331
429.5835917004 0.55095626429787
430.38057196 0.600939428840968
431.1774728524 0.530971713234296
431.9742943776 0.544740344855655
432.7710365356 0.551649495282803
433.5676993264 0.520509639532045
434.36428275 0.496175901866099
435.1607868064 0.492332904940351
435.9572114956 0.510037157657954
436.7535568176 0.524330291311549
437.5498227724 0.518753653792457
438.34600936 0.548715955020214
439.1421165804 0.506319113204724
439.9381444336 0.470627679295263
440.7340929196 0.497244243543014
441.5299620384 0.476564040779421
442.32575179 0.473215256001533
443.1214621744 0.489480240409596
443.9170931916 0.487513763639397
444.7126448416 0.480151921629326
445.5081171244 0.458126705084109
446.30351004 0.435228521622743
447.0988235884 0.443312648702768
447.8940577696 0.471051106932046
448.6892125836 0.456556764708856
449.4842880304 0.46294773118786
450.27928411 0.462767844889054
451.0742008224 0.418133995138761
451.8690381676 0.414538395219109
452.6637961456 0.428409017341608
453.4584747564 0.454352218209086
454.253074 0.468688839210492
455.0475938764 0.431504230776286
455.8420343856 0.44308341494438
456.6363955276 0.453176615826579
457.4306773024 0.422914462168665
458.22487971 0.411920459568777
459.0190027504 0.448624657152313
459.8130464236 0.437569151329027
460.6070107296 0.409660076653969
461.4008956684 0.438673602919069
462.19470124 0.3990083936838
462.9884274444 0.395559916259561
463.7820742816 0.410971916249425
464.5756417516 0.425155046087837
465.3691298544 0.424062971438992
466.16253859 0.410235457128538
466.9558679584 0.397755270962083
467.7491179596 0.431079623740171
468.5422885936 0.401987357140668
469.3353798604 0.413145290858851
470.12839176 0.406648230716639
470.9213242924 0.438641428895586
471.7141774576 0.415798740494864
472.5069512556 0.408683088955177
473.2996456864 0.393525511487686
474.09226075 0.392687581064507
474.8847964464 0.392826084492667
475.6772527756 0.402002500047214
476.4696297376 0.423103548465136
477.2619273324 0.401104523535884
478.05414556 0.38712939413309
478.8462844204 0.369202552767326
479.6383439136 0.392433887263067
480.4303240396 0.390954166710316
481.2222247984 0.402905895303426
482.01404619 0.378144877411684
482.8057882144 0.37747847890898
483.5974508716 0.36250776179135
484.3890341616 0.361788747973827
485.1805380844 0.369407151119085
485.97196264 0.359226018272271
486.7633078284 0.380400939513724
487.5545736496 0.381233899337484
488.3457601036 0.364882929771923
489.1368671904 0.383844318978782
489.92789491 0.35969409517723
490.7188432624 0.350940706378663
491.5097122476 0.339712016734048
492.3005018656 0.377582870220665
493.0912121164 0.365440091515603
493.881843 0.364720442316924
494.6723945164 0.3425581197853
495.4628666656 0.358172993980635
496.2532594476 0.326242422739822
497.0435728624 0.335884245080896
497.83380691 0.368828578732717
498.6239615904 0.3416102843057
499.4140369036 0.32957924660995
500.2040328496 0.34638482884993
500.9939494284 0.327999723978904
501.78378664 0.33659443281531
502.5735444844 0.326629503788081
503.3632229616 0.3376391815487
504.1528220716 0.334246214152187
504.9423418144 0.335620849088207
505.73178219 0.341684928316598
506.5211431984 0.33677006309614
507.3104248396 0.335066728151236
508.0996271136 0.334132313304392
508.8887500204 0.331730696487729
509.67779356 0.357813772646597
510.4667577324 0.304971383398336
511.2556425376 0.334804921296179
512.0444479756 0.331844519392145
512.8331740464 0.324393554179486
513.62182075 0.313223102007369
514.4103880864 0.329870246351753
515.1988760556 0.32553967047449
515.9872846576 0.316739683404567
516.7756138924 0.31691662949726
517.56386376 0.300092153250325
518.3520342604 0.304607293678441
519.1401253936 0.313418358715451
519.9281371596 0.305369648398637
520.7160695584 0.278585735042907
521.50392259 0.318108425920599
522.2916962544 0.315829973824729
523.0793905516 0.306438986147515
523.8670054816 0.313407219214657
524.6545410444 0.281625770472079
525.44199724 0.304144685929781
526.2293740684 0.316753903186798
527.0166715296 0.30778847953881
527.8038896236 0.297602873037091
528.5910283504 0.297917558917927
529.37808771 0.296301372047283
530.1650677024 0.294117780332088
530.9519683276 0.286569014158885
531.7387895856 0.303098698409167
532.5255314764 0.300522977951913
533.312194 0.291226983622003
534.0987771564 0.28883545417566
534.8852809456 0.288527517379486
535.6717053676 0.272657423997202
536.4580504224 0.285935174818839
537.24431611 0.282922171199427
538.0305024304 0.290016522558035
538.8166093836 0.27605145494516
539.6026369696 0.282250893703129
540.3885851884 0.27153225960702
541.17445404 0.28693074564133
541.9602435244 0.272061011208566
542.7459536416 0.286479419408122
543.5315843916 0.276144423434534
544.3171357744 0.283690751020892
545.10260779 0.275287520937767
545.8880004384 0.259660946326215
546.6733137196 0.26700001609976
547.4585476336 0.283355096570435
548.2437021804 0.273710062615219
549.02877736 0.284729707660718
549.8137731724 0.251409951658558
550.5986896176 0.24972274951775
551.3835266956 0.238511054716494
552.1682844064 0.250224064763831
552.95296275 0.25488583269178
553.7375617264 0.264566188274092
554.5220813356 0.248574458044179
555.3065215776 0.243913105968809
556.0908824524 0.234948267271666
556.87516396 0.225436202329243
557.6593661004 0.24007416125299
558.4434888736 0.239863135669785
559.2275322796 0.2310716953828
560.0114963184 0.236406621092301
560.79538099 0.235621892603444
561.5791862944 0.231208425007998
562.3629122316 0.22988318273646
563.1465588016 0.209252480869195
563.9301260044 0.227241155398229
564.71361384 0.225965979879703
565.4970223084 0.232493435141131
566.2803514096 0.208599681344164
567.0636011436 0.218731666400669
567.8467715104 0.189701502509937
568.62986251 0.214043172904181
569.4128741424 0.20819041760009
570.1958064076 0.222366573754783
570.9786593056 0.215369623454081
571.7614328364 0.199062833165065
572.544127 0.205015399519382
573.3267417964 0.208605075991921
574.1092772256 0.20693275261001
574.8917332876 0.206453258900865
575.6741099824 0.211778403067315
576.45640731 0.197448904054814
577.2386252704 0.202191180562775
578.0207638636 0.184515510743575
578.8028230896 0.173236724590962
579.5848029484 0.191211334246408
580.36670344 0.189146013605095
581.1485245644 0.18710190468533
581.9302663216 0.174241570202676
582.7119287116 0.172250746497378
583.4935117344 0.16857085275678
584.27501539 0.166026883345726
585.0564396784 0.177080835102342
585.8377845996 0.163258496964869
586.6190501536 0.176010288616509
587.4002363404 0.180841011387607
588.18134316 0.178347259081965
588.9623706124 0.151139774843764
589.7433186976 0.141986089649099
590.5241874156 0.158085212129463
591.3049767664 0.161835029712005
592.08568675 0.167832879721898
592.8663173664 0.150362107619466
593.6468686156 0.153602851327468
594.4273404976 0.145685484340775
595.2077330124 0.141679016261961
595.98804616 0.141575631354198
596.7682799404 0.15262787726086
597.5484343536 0.159758893643072
598.3285093996 0.140166520807811
599.1085050784 0.133939608477666
599.88842139 0.137160838267751
600.6682583344 0.142024942755092
601.4480159116 0.14631100187575
602.2276941216 0.138950447218214
603.0072929644 0.137117669756393
603.78681244 0.135830178394675
604.5662525484 0.127374293904037
605.3456132896 0.137097707719528
606.1248946636 0.128070218648919
606.9040966704 0.139917589895071
607.68321931 0.144036449804603
608.4622625824 0.125713717138295
609.2412264876 0.129268369657984
610.0201110256 0.125188163106563
610.7989161964 0.105906737197782
611.577642 0.115992306659906
612.3562884364 0.134688448007687
613.1348555056 0.110674705827296
613.9133432076 0.114251781344956
614.6917515424 0.107613027546494
615.47008051 0.105332856153356
616.2483301104 0.103092247838949
617.0265003436 0.0971271528139974
617.8045912096 0.113723993881755
618.5826027084 0.115854275055732
619.36053484 0.115340879947023
620.1383876044 0.108959442157152
620.9161610016 0.099917364031185
621.6938550316 0.102699488993819
622.4714696944 0.102824160553487
623.24900499 0.107804645128816
624.0264609184 0.11442448966604
624.8038374796 0.107017645073164
625.5811346736 0.100119262999028
626.3583525004 0.092668287468661
627.13549096 0.101463067560042
627.9125500524 0.095050442723469
628.6895297776 0.0951456759672928
629.4664301356 0.100663447026324
630.2432511264 0.101824102464132
631.01999275 0.0942526248541493
631.7966550064 0.0981105524417497
632.5732378956 0.0948781996145713
633.3497414176 0.0938242146597584
634.1261655724 0.0922193422404008
634.90251036 0.0747745925610799
635.6787757804 0.0917246764391643
636.4549618336 0.0824663998450803
637.2310685196 0.0808512012543349
638.0070958384 0.0683133422963343
638.78304379 0.0781771434023461
639.5589123744 0.0831278105401632
640.3347015916 0.0766061534111196
641.1104114416 0.0832055967758149
641.8860419244 0.0635221146585834
642.66159304 0.0805303651376917
643.4370647884 0.0718015387463709
644.2124571696 0.0762299630543619
644.9877701836 0.0828616779330178
645.7630038304 0.0686384028104233
646.53815811 0.0675752256819968
647.3132330224 0.0731128391523261
648.0882285676 0.0484126789334968
648.8631447456 0.0770700737050532
649.6379815564 0.0683088416796383
650.412739 0.0628532789032523
651.1874170764 0.0750392495692533
651.9620157856 0.0623889851179575
652.7365351276 0.0552520011928914
653.5109751024 0.0652461129447526
654.28533571 0.0525678171652964
655.0596169504 0.0636806786502141
655.8338188236 0.0576363273696379
656.6079413296 0.0560219191575127
657.3819844684 0.0544022002616813
658.15594824 0.053891780003518
658.9298326444 0.041146172107403
659.7036376816 0.0556460595003534
660.4773633516 0.0495727848014716
661.2510096544 0.0618878036958119
662.02457659 0.0429692083828849
662.7980641584 0.04915099643003
663.5714723596 0.0536721127937255
664.3448011936 0.05260766761321
665.1180506604 0.0577026774812451
665.89122076 0.05271107023722
666.6643114924 0.053325377601507
667.4373228576 0.0533774407396427
668.2102548556 0.0483753738555086
668.9831074864 0.053495615503158
669.75588075 0.0467861546822258
670.5285746464 0.0468330079487954
671.3011891756 0.0514035297215125
672.0737243376 0.0514558716057251
672.8461801324 0.0447157363457047
673.61855656 0.0385337417844074
674.3908536204 0.0368783942517807
675.1630713136 0.0477128467704934
675.9352096396 0.0454904048238896
676.7072685984 0.0324513450801475
677.47924819 0.043321702389477
678.2511484144 0.0428069962005054
679.0229692716 0.0365752888611245
679.7947107616 0.0291816212568053
680.5663728844 0.0412525628898629
681.33795564 0.0332728999670103
682.1094590284 0.0379137684001663
682.8808830496 0.0316358840476646
683.6522277036 0.0380147783591325
684.4234929904 0.0392212253926262
685.19467891 0.0329197535624465
685.9657854624 0.0329662455929877
686.7368126476 0.025481205733347
687.5077604656 0.0237784504774349
688.2786289164 0.0435660282657391
689.049418 0.0308344052255383
689.8201277164 0.023890367588452
690.5907580656 0.0250921909652574
691.3613090476 0.0239609032212933
692.1317806624 0.036287386507699
692.90217291 0.0416180123011224
693.6724857904 0.0346359437261872
694.4427193036 0.0293970339266473
695.2128734496 0.0365114441044485
695.9829482284 0.0230035065878258
696.75294364 0.0147662880195757
697.5228596844 0.0260255663716176
698.2926963616 0.0379186629432432
699.0624536716 0.0178037057500442
699.8321316144 0.0309062592850659
700.60173019 0.0244104485151386
701.3712493984 0.00417529936094876
702.1406892396 0.028078647633851
702.9100497136 0.0209392672323616
703.6793308204 0.0395560663398431
704.44853256 0.0126096995196183
705.2176549324 0.0186482354831019
705.9866979376 0.000602558163622306
706.7556615756 0.0150899490791112
707.5245458464 0.026609843714726
708.29335075 0.0181766303446853
709.0620762864 0.0182081632222974
709.8307224556 0.0170285768403427
710.5992892576 0.0115814163158147
711.3677766924 0.0244386796943954
712.13618476 0.018977124424753
712.9045134604 0.0190171495792754
713.6727627936 0.0276750256546135
714.4409327596 0.032056714259117
715.2090233584 0.0315062505923393
715.97703459 0.0136227386674572
716.7449664544 0.000620785426489906
717.5128189516 0.0336063687582546
718.2805920816 0.0261941926884001
719.0482858444 0.00437465213582449
719.81590024 0.0238031372335601
720.5834352684 0.00753592885465459
721.3508909296 0.020766264623412
722.1182672236 0.00567395083602358
722.8855641504 0.00695084210501041
723.65278171 0.00570089827247508
724.4199199024 0.0171403100604384
725.1869787276 0.0235356910217161
725.9539581856 0.00318739355720659
726.7208582764 0.00447380744227668
727.487679 -0.00128148632639687
728.2544203564 0.00642101212147074
729.0210823456 0.0205911356658916
729.7876649676 0.0070971114713374
730.5541682224 0.0135885375286716
731.32059211 0.0136219315223409
732.0869366304 0.0090997461842288
732.8532017836 0.00325701750355543
733.6193875696 0.0182826295939337
734.3854939884 0.00392539369422604
735.15152104 0.0242403131862988
735.9174687244 0.0163994885141982
736.6833370416 0.0157684874041601
737.4491259916 0.00855444479680898
738.2148355744 0.0230488323158242
738.98046579 0.0243708348215745
739.7460166384 0.0151570124201563
740.5114881196 0.0270492842377543
741.2768802336 0.0184914796197898
742.0421929804 0.0132172377026975
742.80742636 0.0132299944249421
743.5725803724 0.0132535533556553
744.3376550176 0.0119551233427593
745.1026502956 0.0173027856493155
745.8675662064 0.0160021818270854
746.63240275 0.0140395614214767
747.3971599264 0.012075702586911
748.1618377356 0.00605957291813061
748.9264361776 0.0148600231803179
749.6909552524 -0.00609817711789168
750.45539496 0.0149611382222081
751.2197553004 -0.00136555850759873
751.9840362736 0.0130174330927235
752.7482378796 0.0219851901826232
753.5123601184 0.0158451011460044
754.27640299 0.00345544123311762
755.0403664944 0.0138643374336457
755.8042506316 0.0152879918113647
756.5680554016 0.0292421314397892
757.3317808044 0.027203799470349
758.09542684 0.00139808026882361
758.8589935084 0.0147107216190827
759.6224808096 -0.000701423178153397
760.3858887436 -1.66200800095322E-08
761.1492173104 0.0140597652560935
761.91246651 0.0140858340993195
762.6756363424 0.0126997584826542
763.4387268076 0.00282580541065468
764.2017379056 -0.00565829736602763
764.9646696364 -0.0212566255136069
765.727522 0.00284185179729678
766.4902949964 0.0128240834355275
767.2529886256 0.00642828085107087
768.0156028876 0.00644492314178687
768.7781377824 0.0215564135060223
769.54059331 -0.00938029738196793
770.3029694704 0.0152183191684062
771.0652662636 -0.000727535348724859
771.8274836896 0.0146092697278668
772.5896217484 0.00587034748316971
773.35168044 0.0140112595980463
774.1136597644 -0.00296440944749768
774.8755597216 -0.00595593529619395
775.6373803116 -0.00523430513051001
776.3991215344 -0.00601118865630085
777.16078339 -0.00528759232319117
777.9223658784 0.000759246303806798
778.6838689996 0.00762888753195075
779.4452927536 -0.0191615220142373
780.2066371404 -0.016173097567683
780.96790216 -0.00619247757153029
781.7290878124 0.00233411023525039
782.4901940976 0.0109462807729812
783.2512210156 0.0109982985613095
784.0121685664 -0.00868291867998381
784.77303675 -0.00158652208128849
785.5338255664 -0.000797150634010902
786.2945350156 -0.00720848516092061
787.0551650976 -0.00563345002603279
787.8157158124 0.0137440466804383
788.57618716 0.0113715618860485
789.3365791404 0.0277501110617441
790.0968917536 0.0106617534422304
790.8571249996 0.000823977473981132
791.6172788784 0.00248367598427187
792.37735339 -0.00415878224174364
793.1373485344 -0.000835659805218075
793.8972643116 0.00755601958123522
794.6571007216 0.00843508076420293
795.4168577644 -0.00169508622363555
796.17653544 0.0178836055343277
796.9361337484 -1.01260592074788E-08
797.6956526896 0.0197594486573815
798.4550922636 0.0198476684317517
799.2144524704 0.0312146933673866
799.97373331 0.0121983876655383
800.7329347824 0.0105055519963837
801.4920568876 0.00791310820431638
802.2510996256 -0.0114756879413821
803.0100629964 -0.00265940652173593
803.768947 0.0169229650107885
804.5277516364 -0.00447607629453249
805.2864769056 0.012593966492008
806.0451228076 0.00271028852373761
806.8036893424 -0.00634736368873232
807.56217651 0.00455187535558105
808.3205843104 0.0155479116220675
809.0789127436 0.0156265375626663
809.8371618096 0.0249424685332486
810.5953315084 0.00371008075414397
811.35342184 0.00279212618927547
812.1114328044 0.00373711878229491
812.8693644016 -0.0140803478729239
813.6272166316 0.00849139040850545
814.3849894944 0.0189573731852662
815.14268299 -0.00475762989595072
815.9002971184 0.00381847101992111
816.6578318796 0.00383281937841203
817.4152872736 0.0173292624075323
818.1726633004 0.0329093761979661
818.92995996 0.000972655537994371
819.6871772524 0.0126939460224799
820.4443151776 0.0225286405932831
821.2013737356 -0.00196582931238548
821.9583529264 -0.00197484678527949
822.71525275 0.0307767101530662
823.4720732064 -0.000997939371867744
824.2288142956 0.0210378810506093
824.9854760176 0.0321461739586265
825.7420583724 -0.00503562839414293
826.49856136 0.0252763221155979
827.2549849804 0.0030492853982452
828.0113292336 0.0132865755009869
828.7675941196 -0.0102652963837135
829.5237796384 0.0144095961117746
830.27988579 -0.00721970216253538
831.0359125744 -0.0186272282485513
831.7918599916 0.027041987140941
832.5477280416 0.0167404585388978
833.3035167244 -0.00736257140809461
834.05922604 -0.00738853935896397
834.8148559884 -0.0190422425927308
835.5704065696 0.00318175943653412
836.3258777836 0.00425976227230361
837.0812696304 0.0160684486031714
837.83658211 -0.00862179100874222
838.5918152224 -0.00108266666798186
839.3469689676 -0.0021707248701144
840.1020433456 0.0228331095515831
840.8570383564 0.0229006299480593
841.611954 0.0120550649797372
842.3667902764 -2.08864753122539E-08
843.1215471856 0.01441414120731
843.8762247276 -0.020026612028001
844.6308229024 0.00445768520416328
845.38534171 0.0312544992903952
846.1397811504 0.0324863065604258
846.8941412236 0.023654221305621
847.6484219296 -0.00113345153857979
848.4026232684 -0.0159483341976261
849.15674524 0.020560010548045
849.9107878444 -0.00686194076411947
850.6647510816 -0.00572989680420171
851.4186349516 0.0207176851781669
852.1724394544 -0.0173727030451828
852.92616459 0.00699392587153406
853.6798103584 -0.0222529202825214
854.4333767596 -0.0129121516963771
855.1868637936 0.0117519916133643
855.9402714604 0.0259138646879024
856.69359976 0.016568045857655
857.4468486924 0.0166756661155904
858.2000182576 -0.00959052634742852
858.9531084556 -0.0216739408648622
859.7061192864 -0.0120627767802537
860.45905075 -1.42972380495994E-08
861.2119028464 0.0145326500475408
861.9646755756 0.030429411208736
862.7173689376 0.00490152161205333
863.4699829324 0.00616586334107357
864.22251756 0.00495463681573952
864.9749728204 -0.0148948726674463
865.7273487136 -0.0161587243904536
866.4796452396 -0.0149603243613125
867.2318623984 0.0275712721780908
867.98400019 0.0138779352322208
868.7360586144 0.012696164324356
869.4880376716 -0.015299292555757
870.2399373616 -0.0319343961675846
870.9917576844 -0.0038375593944039
871.74349864 0.00898129313336967
872.4951602284 -0.0167706264493817
873.2467424496 0.0168848591745712
873.9982453036 0.0326736593234397
874.7496687904 0.0144398174025697
875.50101291 0.0105246858825133
876.2522776624 0.0118585813473653
877.0034630476 -0.0158554965547046
877.7545690656 -0.0172653213047225
878.5055957164 0.0160487359572665
879.256543 0.00269280478574534
880.0074109164 0.00270578754883573
880.7581994656 0.0149210361730004
881.5089086476 -0.00271784913098269
882.2595384624 0.0136246425630653
883.01008891 0.0177991677002343
883.7605599904 -0.0261877688258133
884.5109517036 -0.0277546464923175
885.2612640496 0.0153514547227103
886.0114970284 -0.00280170366028112
886.76165064 -0.00421133882387563
887.5117248844 -0.0351739882680822
888.2617197616 0.0268384144246971
889.0116352716 -0.00568348950148166
889.7614714144 -0.0185987130656923
890.51122819 0.0129584666991141
891.2609055984 -0.00578447403179642
892.0105036396 0.0116013266999141
892.7600223136 -0.0203516879371292
893.5094616204 0.035003155228893
894.25882156 0.0234520067754748
895.0081021324 0.00590125877918667
895.7573033376 -0.0133711291430997
896.5064251756 -0.0134509833903198
897.2554676464 0.00600437074460788
898.00443075 0.0210792883039095
898.7533144864 0.00604042613523677
899.5021188556 0.00909787302920883
900.2508438576 -0.00762408021373172
900.9994894924 0.0122813819090707
901.74805576 0.0247278460039621
902.4965426604 0.0419607166195075
903.2449501936 0.0468254167109068
903.9932783596 0.0344564080805564
904.7415271584 0.0361440838387073
905.48969659 0.0173623165127488
906.2377866544 0.0206413552438562
906.9857973516 0.0191866706337965
907.7337286816 -0.0144902742137929
908.4815806444 0.0388717252289785
909.22935324 0.0390635824658654
909.9770464684 0.058835807126119
910.7246603296 0.0229688030680491
911.4721948236 0.0543931211977049
912.2196499504 0.0132648087070251
912.96702571 0.0166982687129014
913.7143221024 0.057202031890352
914.4615391276 0.0338796801610876
915.2086767856 0.0153313180226246
915.9557350764 -0.023957853915565
916.702714 -0.00859033498134117
917.4496135564 0.00689984028956701
918.1964337456 0.00520058845914367
918.9431745676 0.0261619827648891
919.6898360224 0.0473848200485515
920.43641811 0.0123498174064156
921.1829208304 0.0283355468811995
921.9293441836 -0.0124210570119812
922.6756881696 -0.010653985069096
923.4219527884 0.0248649812928869
924.16813804 0.0444298043369814
924.9142439244 0.0284881196350082
925.6602704416 0.0124978849179098
926.4062175916 -0.0268459903140049
927.1520853744 -0.0107567909047478
927.89787379 -0.0107663623533414
928.6435828384 -0.0107696529767471
929.3892125196 0.030533229167711
930.1347628336 -0.00899510123624689
930.8802337804 -0.00721808024457415
931.62562536 -0.0253890135354524
932.3709375724 0.0127705892336025
933.1161704176 -0.00917976564745596
933.8613238956 0.0314022431371002
934.6063980064 0.0130066578450156
935.35139275 0.0373739691326447
936.0963081264 0.0338407390735179
936.8411441356 0.0284017217527722
937.5859007776 -0.0171848522075588
938.3305780524 -4.10778282866381E-08
939.07517596 0.0253249664047023
939.8196945004 0.00787292012367092
940.5641336736 0.0337913820950882
941.3084934796 0.0320914910883581
942.0527739184 0.024280789365387
942.79697499 0.0204129817297749
943.5410966944 -0.0082414858983895
944.2851390316 -0.0291299667988048
945.0291020016 -0.046250470974738
945.7729856044 -0.019121265441568
946.51678984 -0.0193108939668167
947.2605147084 -0.028140563200148
948.0041602096 -0.0349272288967443
948.7477263436 -0.0374200680163766
949.4912131104 -0.00887867924684003
950 -0.00749064168336798
950.1 -0.00755231911287488
950.2 -0.00657206449536101
950.3 0.00402716639530345
950.4 0.00494458456909125
950.5 0.00624229858579902
950.6 0.00774745779110217
950.7 0.00924659916984543
950.8 0.0105075364484596
950.9 0.0113049723853189
951 0.0114470448061493
951.4546673696 0.0141834727733996
953.0678593429 0.0106824945509418
954.68092721 0.0140540966726192
956.2938709709 0.00945791528158719
957.9066906256 0.0131948623489818
959.5193861741 0.0101460828726705
961.1319576164 0.00861737681770582
962.7444049525 0.0067242446875352
964.3567281824 0.00782352284088036
965.9689273061 0.0104043388735511
967.5810023236 0.0133463001907105
969.1929532349 0.0114688127353927
970.80478004 0.00922935902123148
972.4164827389 0.00294724979826446
974.0280613316 0.012130289776243
975.6395158181 0.00696754933722478
977.2508461984 0.00804725141179603
978.8620524725 0.00255371703286987
980.4731346404 0.0149181923272357
982.0840927021 0.011246391648983
983.6949266576 0.00940024972364713
985.3056365069 0.00900613700538705
986.91622225 0.0082535223779414
988.5266838869 0.0121546398184594
990.1370214176 0.0124638515701745
991.7472348421 0.00992957883614855
993.3573241604 0.00918077322069498
994.9672893725 0.00632757029034815
996.5771304784 0.00314916536896933
998.1868474781 -1.19968371806668E-07
999.7964403716 -0.0006934311725397
1001.4059091589 0.00621063291436623
1003.01525384 -0.0017176483804715
1004.6244744149 0.00102541960364246
1006.2335708836 0.00272158401327957
1007.8425432461 0.004061908065185
1009.4513915024 0.0026944576415338
1011.0601156525 0.00469178145115486
1012.6687156964 0.00933610801719349
1014.2771916341 0.0182452491412074
1015.8855434656 0.0118840110665173
1017.4937711909 0.0160947230050697
1019.10187481 0.00947798903272
1020.7098543229 0.0107296511725327
1022.3177097296 0.0142321944148838
1023.9254410301 0.00804251391885888
1025.5330482244 0.0115169543463212
1027.1405313125 0.00636216738997579
1028.7478902944 0.00759232630050282
1030.3551251701 0.00283150223060464
1031.9622359396 0.000313141779340355
1033.5692226029 -0.00124370715421216
1035.17608516 -0.00123630903543863
1036.7828236109 0.000922320144845471
1038.3894379556 0.00916721265687146
1039.9959281941 0.00243061271643742
1041.6022943264 0.00755360367150286
1043.2085363525 0.00510818237368996
1044.8146542724 0.00777292003592968
1046.4206480861 0.00505780705869114
1048.0265177936 0.00651670817583285
1049.6322633949 0.0067857384388045
1051.23788489 0.00293944006555336
1052.8433822789 0.00205096062705899
1054.4487555616 0.00087660946669529
1056.0540047381 -0.00174956009359878
1057.6591298084 0.000582026849913578
1059.2641307725 -0.00116274918708418
1060.8690076304 -0.00116175458793577
1062.4737603821 0.000290204565788661
1064.0783890276 0.00116046598209103
1065.6828935669 0.00116006400385276
1067.287274 0.00144978791694532
1068.8915303269 0.00550789046314128
1070.4956625476 0.00956287468491645
1072.0996706621 0.00782008012706062
1073.7035546704 0.00810571913371967
1075.3073145725 0.00376198186463929
1076.9109503684 0.00144627089586749
1078.5144620581 2.9037839523172E-08
1080.1178496416 0.00173314898830678
1081.7211131189 0.00115452562738143
1083.32425249 0.00230721105140358
1084.9272677549 0.00230511442686126
1086.5301589136 0.00230316384483145
1088.1329259661 -0.00230141831878203
1089.7355689124 -0.000574846007351295
1091.3380877525 -0.00229709098031505
1092.9404824864 0.00430248063254859
1094.5427531141 0.00573038102355778
1096.1448996356 0.00629596286793257
1097.7469220509 0.00343032378290803
1099.34882036 0.0068512704895715
1100.9505945629 0.00370535088034519
1102.5522446596 0.00256108799236789
1104.1537706501 0.00369345794310719
1105.7551725344 0.00453898027097349
1107.3564503125 0.00424835019996798
1108.9576039844 0.00593763699920648
1110.5586335501 0.00197572774232786
1112.1595390096 0.00338132534033394
1113.7603203629 0.00393909709502032
1115.36097761 0.00533838930127728
1116.9615107509 0.00504902185530725
1118.5619197856 0.00727975222583602
1120.1622047141 0.0100601941650082
1121.7623655364 0.00557731447359564
1123.3624022525 0.00667804942813623
1124.9623148624 0.00471914093337537
1126.5621033661 0.0033224754566169
1128.1617677636 0.00276066835525917
1129.7613080549 0.00192571832128484
1131.36072424 0.00246663059086071
1132.9600163189 0.00354907828812499
1134.5591842916 0.0008155467417749
1136.1582281581 0.00351955998537741
1137.7571479184 0.00350458121912888
1139.3559435725 0.00563688208891136
1140.9546151204 0.00213788971570986
1142.5531625621 -0.000532094926877158
1144.1515858976 0.00211921199469615
1145.7498851269 0.00342783130960777
1147.34806025 0.00314973912445478
1148.9461112669 0.00287416561534232
1150.5440381776 0.00234060395181047
1152.1418409821 0.00284789682965799
1153.7395196804 0.00103103555550804
1155.3370742725 -0.000256602848135043
1156.9345047584 0.00357483483288131
1158.5318111381 0.00889526862107552
1160.1289934116 0.0129030894456718
1161.7260515789 0.0135998041334197
1163.32298564 0.014794475524627
1164.9197955949 0.0187281716818087
1166.5164814436 0.0191481328450536
1168.1130431861 0.0168419478316992
1169.7094808224 0.017267325439893
1171.3057943525 0.0176939126163831
1172.9019837764 0.0168961721661676
1174.4980490941 0.0143980831658342
1176.0939903056 0.0114280642696969
1177.6898074109 0.0135682062728384
1179.28550041 0.01110783494847
1180.8810693029 0.00794366023683642
1182.4765140896 0.00407934490495262
1184.0718347701 0.00119621184546678
1185.6670313444 0.0038156475327352
1187.2621038125 0.00451755035380878
1188.8570521744 0.00758552298396948
1190.4518764301 0.00709028174465476
1192.0465765796 0.00589126433883209
1193.6411526229 0.00799093485081698
1195.23560456 0.00843712906556338
1196.8299323909 0.00934756059093977
1198.4241361156 0.00978644225448264
1200.0182157341 0.0106898554153827
1201.6121712464 0.0111265230027257
1203.2060026525 0.00925021205854801
1204.7997099524 0.00761167562236024
1206.3932931461 0.00598133052865763
1207.9867522336 0.00504872447627572
1209.5800872149 0.0100737567677372
1211.17329809 0.00616715320988261
1212.7663848589 0.00250709452782572
1214.3593475216 0.00363900563890442
1215.9521860781 0.00567369054925471
1217.5449005284 0.00453044958382735
1219.1374908725 0.00610422642313169
1220.7299571104 0.00677143872055252
1222.3222992421 0.00743868426371143
1223.9145172676 0.00540368580210329
1225.5066111869 0.0053976947667307
1227.098581 0.00157289411850243
1228.6904267069 0.00044915515824716
1230.2821483076 0.00202019162234189
1231.8737458021 0.000224419301116781
1233.4652191904 3.7608140900154E-08
1235.0565684725 0.000897220654723596
1236.6477936484 0.00157016890096858
1238.2388947181 0.00269189049017677
1239.8298716816 0.0022438337805238
1241.4207245389 0.00291755315044788
1243.01145329 0.0051622051266929
1244.6020579349 0.00426520382795851
1246.1925384736 0.00718410197183964
1247.7828949061 0.0105510941414732
1249.3731272324 0.00785790819314125
1250.9632354525 0.0096555606787498
1252.5532195664 0.0096568086630442
1254.1430795741 0.00786074484107086
1255.7328154756 0.00898429530851611
1257.3224272709 0.00988196568755722
1258.91191496 0.0107803583081639
1260.5012785429 0.0112306211884574
1262.0905180196 0.0123523785666015
1263.6796333901 0.0130257039536823
1265.2686246544 0.0101059752264389
1266.8574918125 0.0130251020446429
1268.4462348644 0.0103288021504968
1270.0348538101 0.00696002365024215
1271.6233486496 0.011669697691537
1273.2117193829 0.00740205717859975
1274.79996601 0.0058282792595445
1276.3880885309 0.00649690110899389
1277.9760869456 0.00470166629508629
1279.5639612541 0.00201392887000337
1281.1517114564 0.00201222544551311
1282.7393375525 0.00245740644210766
1284.3268395424 0.00312501585488409
1285.9142174261 0.00312229639323477
1287.5014712036 0.00534704116626417
1289.0886008749 0.00133573912974853
1290.67560644 0.00200169389921344
1292.2624878989 0.00355649052948634
1293.8492452516 0.00199939909480835
1295.4358784981 -0.00244241317198632
1297.0223876384 0.00199720903050097
1298.6087726725 0.00088715353450529
1300.1950336004 0.00199429311230821
1301.7811704221 9.38348785717293E-08
1303.3671831376 0.000663745644958185
1304.9530717469 0.00221075867942597
1306.53883625 0.00198789127017803
1308.1244766469 0.0048549764144914
1309.7099929376 0.00528983202238461
1311.2953851221 0.00440191406204713
1312.8806532004 0.0105479767567659
1314.4657971725 0.00943487713424264
1316.0508170384 0.00723003198409847
1317.6357127981 0.00546903560680614
1319.2204844516 0.00283917180557934
1320.8051319989 0.00414342245634332
1322.38965544 0.00108838449424376
1323.9740547749 0.00326025700100277
1325.5583300036 -2.18929860704702E-07
1327.1424811261 -0.000433615432404795
1328.7265081424 0.00043248474071043
1330.3104110525 -2.88636562131362E-07
1331.8941898564 -0.00107920055731661
1333.4778445541 0.000861807238828098
1335.0613751456 0.00236773863700609
1336.6447816309 0.00430144341046864
1338.22806401 0.0042987285211218
1339.8112222829 0.0045144679086226
1341.3942564496 0.00279718205025018
1342.9771665101 0.00280305083292445
1344.5599524644 0.00367645417816023
1346.1426143125 0.00390889884599338
1347.7251520544 0.00349336081610567
1349.3075656901 0.00505877496617911
1350.8898552196 0.00798466266493972
1352.4720206429 0.00783474296156052
1354.05406196 0.010621556172447
1355.6359791709 0.00889840067563802
1357.2177722756 0.0115130389714608
1358.7994412741 0.00882462513818506
1360.3809861664 0.0130895700374845
1361.9624069525 0.00962298637190912
1363.5437036324 0.00799650068717158
1365.1248762061 0.0086998606488433
1366.7059246736 0.00633376300794766
1368.2868490349 0.00561194563050837
1369.86764929 0.00326235775844981
1371.4483254389 0.00533988411113303
1373.0288774816 0.00832472175828713
1374.6093054181 0.00806413386948666
1376.1896092484 0.0110188135592621
1377.7697889725 0.00892686666959953
1379.3498445904 0.00959764997803852
1380.9297761021 0.012775572190479
1382.5095835076 0.0113880702523962
1384.0892668069 0.0122721817112675
1385.668826 0.0129150477212504
1387.2482610869 0.00948685383641147
1388.8275720676 0.00855087718059599
1390.4067589421 0.00313888256149529
1391.9858217104 0.00669772204775752
1393.5647603725 0.00533526096910044
1395.1435749284 0.00641481069683256
1396.7222653781 0.00660250938984376
1398.3008317216 0.00460171192461656
1399.8792739589 0.00480001098999958
1401.45759209 0.0041279331775933
1403.0357861149 0.00129869356523233
1404.6138560336 0.00473745369774431
1406.1918018461 0.00342918369023807
1407.7696235524 0.00362402896990999
1409.3473211525 -0.00190723952214436
1410.9248946464 -0.00147460986655051
1412.5023440341 0.000209586593834595
1414.0796693156 0.00104202047756973
1415.6568704909 0.00227995480267373
1417.23394756 0.00371278238105027
1418.8109005229 0.00616024691424306
1420.3877293796 0.00715464258987471
1421.9644341301 0.00753656462803357
1423.5410147744 0.00608851019867404
1425.1174713125 0.00728282331321163
1426.6938037444 0.0084737164038341
1428.2700120701 0.0090582310756826
1429.8460962896 0.0062262152300492
1431.4220564029 0.00461193766874368
1432.99789241 0.00460509550911936
1434.5736043109 0.000399932099568853
1436.1491921056 -0.000399288367438693
1437.7246557941 0.000199454616457259
1439.2999953764 -0.00139396855251936
1440.8752108525 0.000994601151160006
1442.4503022224 0.0039730949470525
1444.0252694861 0.00496134021731967
1445.6001126436 0.00574586224793343
1447.1748316949 0.00672777387772512
1448.74942664 0.0100760896007818
1450.3238974789 0.00927306921317636
1451.8982442116 0.0104405668919319
1453.4724668381 0.0114128630301601
1455.0465653584 0.0115976071338307
1456.6205397725 0.013160227273417
1458.1943900804 0.0125623934440449
1459.7681162821 0.00804559667903355
1461.3417183776 0.0092193797877222
1462.9151963669 0.00824124569218725
1464.48855025 0.00824193353702094
1466.0617800269 0.00647851066493048
1467.6348856976 0.0056947698927283
1469.2078672621 0.00687654588278177
1470.7807247204 0.00471513404220126
1472.3534580725 0.00216096645726466
1473.9260673184 0.000392809654955973
1475.4985524581 0.00314203891774708
1477.0709134916 0.00647778190943771
1478.6431504189 0.00294310065808525
1480.21526324 0.00392071290961941
1481.7872519549 0.00509308327647816
1483.3591165636 0.00254407364461981
1484.9308570661 0.00195580083285719
1486.5024734624 0.00234547694023442
1488.0739657525 0.00214927531478937
1489.6453339364 0.00449170368788902
1491.2165780141 0.00585645766588878
1492.7876979856 0.00273107940789509
1494.3586938509 0.00311907155083969
1495.92956561 0.00370172126892743
1497.5003132629 0.00155808089230592
1499.0709368096 0.00233611401962694
1500.6414362501 0.00369801125541878
1502.2118115844 0.00447494128682866
1503.7820628125 0.0060310956396787
1505.3521899344 0.00875667740020879
1506.9221929501 0.00584035207664669
1508.4920718596 0.00564833226376908
1510.0618266629 0.00604319465267786
1511.63145736 0.00409746682321566
1513.2009639509 0.00546964141446304
1514.7703464356 0.00762739458926839
1516.3396048141 0.00489742335015814
1517.9087390864 0.00627831267983638
1519.4777492525 0.00334165930921766
1521.0466353124 0.00275642939810432
1522.6153972661 -0.00295820697893304
1524.1840351136 0.000790045369823487
1525.7525488549 0.000593851285605553
1527.32093849 0.00198288222506937
1528.8892040189 0.00258281422487876
1530.4573454416 0.00397993096787593
1532.0253627581 0.00338936401677926
1533.5932559684 0.0029949163176665
1535.1610250725 0.00319940765977376
1536.7286700704 0.00660563306920724
1538.2961909621 0.00541172072132007
1539.8635877476 0.00782425797183164
1541.4308604269 0.00582506731231519
1542.998009 0.00542652986268034
1544.5650334669 0.00201205702477445
1546.1319338276 0.0032221925342972
1547.6987100821 0.00221789329940012
1549.2653622304 0.00443973407541696
1550.8318902725 0.00464734999613615
1552.3982942084 0.00546087909790152
1553.9645740381 0.0046574238039864
1555.5307297616 0.00486443946514266
1557.0967613789 0.00507353799599358
1558.66266889 0.00487580610012668
1560.2284522949 0.00813563063171801
1561.7941115936 0.00834562563223423
1563.3596467861 0.00550179763867095
1564.9250578724 0.0026514278331063
1566.4903448525 -0.0022459524896827
1568.0555077264 -0.0018389160377932
1569.6205464941 -0.00143178623802479
1571.1854611556 -0.00204735836632433
1572.7502517109 -0.000820028091754443
1574.31491816 -7.67098028749441E-08
1575.8794605029 0.000821701883419571
1577.4438787396 0.000822709121783635
1579.0081728701 0.00205982155111055
1580.5723428944 0.00433102895285348
1582.1363888125 0.00640288443931056
1583.7003106244 0.00972030852665628
1585.2641083301 0.00994481220173997
1586.8277819296 0.0105830781810914
1588.3913314229 0.0106021251037453
1589.95475681 0.0108297468003633
1591.5180580909 0.0100166203209577
1593.0812352656 0.0060622239113964
1594.6442883341 0.00586512579766889
1596.2072172964 0.00755446731682505
1597.7700221525 0.00735954719461303
1599.3327029024 0.00863742865090888
1600.8952595461 0.00758269428146019
1602.4576920836 0.009496540498458
1604.0200005149 0.00634568708591395
1605.58218484 0.00784122560047308
1607.1442450589 0.00615896648603307
1608.7061811716 0.00787317456863093
1610.2679931781 0.00959798480407217
1611.8296810784 0.00940550480717362
1613.3912448725 0.00878881894780113
1614.9526845604 0.00988786498427747
1616.5140001421 0.00647211981811363
1618.0751916176 0.00779080072623245
1619.6362589869 0.00651725053979623
1621.19720225 0.00654226950484693
1622.7580214069 0.00525985411038139
1624.3187164576 0.00616891507535022
1625.8792874021 0.00753955093213793
1627.4397342404 0.0113913753053648
1629.0000569725 0.00721065739741263
1630.5602555984 0.00773768532336316
1632.1203301181 0.00552992470209514
1633.6802805316 0.00817732250761279
1635.2401068389 0.00618197974710442
1636.79980904 0.00291129567896222
1638.3593871349 0.00447420194313431
1639.9188411236 0.00690036588202628
1641.4781710061 0.00765669380022033
1643.0373767824 0.00766836654404007
1644.5964584525 0.00770949122593175
1646.1554160164 0.0143518828489887
1647.7142494741 0.0122778901790832
1649.2729588256 0.0109812314732085
1650.8315440709 0.017321375711251
1652.39000521 0.016203291897463
1653.9483422429 0.0221909908173409
1655.5065551696 0.0186142448423763
1657.0646439901 0.0167682554337905
1658.6226087044 0.019559586614198
1660.1804493125 0.0173106471969665
1661.7381658144 0.0110776560518359
1663.2957582101 0.01571237043171
1664.8532264996 0.020953595935843
1666.4105706829 0.0319509148643934
1667.96779076 0.0233315783147102
1669.5248867309 0.0266196624173549
1671.0818585956 0.0283616991644442
1672.6387063541 0.0471368189695469
1674.1954300064 0.0519237933475132
1675.7520295525 0.0432994813644498
1677.3085049924 0.0456089749596901
1678.8648563261 0.042120021657547
1680.4210835536 0.0429090671141976
1681.9771866749 0.0282235446147959
1683.53316569 0.0374599749604247
1685.0890205989 0.0404118372230465
1686.6447514016 0.0679780388119829
1688.2003580981 0.0689585615217721
1689.7558406884 0.0635095643668909
1691.3111991725 0.068786357426225
1692.8664335504 0.100494433121393
1694.4215438221 0.105109443225415
1695.9765299876 0.113075397568448
1697.5313920469 0.110624973839401
1699.08613 0.11134780608204
1700.6407438469 0.0858737912984999
1702.1952335876 0.0894963746028726
1703.7495992221 0.0932005572582784
1705.3038407504 0.0829762724493632
1706.8579581725 0.100494251019346
1708.4119514884 0.108158286271615
1709.9658206981 0.0914111818868443
1711.5195658016 0.302436114553103
1713.0731867989 -0.0936507993160581
1714.62668369 0.333422722426791
1716.1800564749 0.333422722426791
