293.753818 0
294.5642113164 0
295.3745252656 0
296.1847598476 0
296.9949150624 1.05781373190085
297.80499091 1.778983818857
298.6149873904 1.72112667895661
299.4249045036 1.62381630607763
300.2347422496 1.57528964797645
301.0445006284 1.44933856375425
301.85417964 1.45008828386457
302.6637792844 1.4425310803196
303.4732995616 1.43559250140433
304.2827404716 1.46163373480906
305.0921020144 1.38133150607671
305.90138419 1.37933855935554
306.7105869984 1.34091217202931
307.5197104396 1.26781947538209
308.3287545136 1.26408903281826
309.1377192204 1.20204614844235
309.94660456 1.1377825729825
310.7554105324 1.10459977318486
311.5641371376 1.07696800991152
312.3727843756 1.05117839155139
313.1813522464 1.10739671786322
313.98984075 1.13287400265956
314.7982498864 1.12737723682196
315.6065796556 1.0965306200356
316.4148300576 1.09598255052997
317.2230010924 1.07249808730213
318.03109276 0.999690919405053
318.8391050604 1.09164654943049
319.6470379936 1.04523963369857
320.4548915596 1.0022018943337
321.2626657584 0.979827029734235
322.07036059 0.931094408861173
322.8779760544 0.990498058519305
323.6855121516 0.942961621225475
324.4929688816 1.03006668922017
325.3003462444 1.0179772408018
326.10764424 1.04034737379719
326.9148628684 1.07015265475091
327.7220021296 0.981749741520542
328.5290620236 0.98564427262778
329.3360425504 0.988891106359677
330.14294371 1.00395718918496
330.9497655024 0.974232256026373
331.7565079276 0.847788451836362
332.5631709856 0.911808824528943
333.3697546764 0.917988447851071
334.176259 0.963255124246061
334.9826839564 1.00672256850637
335.7890295456 1.01672679134995
336.5952957676 1.10445759918976
337.4014826224 1.24330842639144
338.20759011 1.40402752490041
339.0136182304 1.53928329528039
339.8195669836 1.71335329061299
340.6254363696 1.9688073480296
341.4312263884 2.14481945182113
342.23693704 2.32234011961982
343.0425683244 2.56253754095102
343.8481202416 2.79886474045259
344.6535927916 3.12284356549762
345.4589859744 3.40490464232402
346.26429979 3.6257591408309
347.0695342384 3.81075367717888
347.8746893196 4.10501526177231
348.6797650336 4.40057650762885
349.4847613804 4.68506227642711
350.28967836 5.01505596104115
351.0945159724 5.41042919013821
351.8992742176 5.84645852341359
352.7039530956 6.45765206140431
353.5085526064 7.2416068351003
354.31307275 8.31030741801623
355.1175135264 9.76362097123737
355.9218749356 11.710227775735
356.7261569776 14.1644950239098
357.5303596524 17.3552066033104
358.33448296 21.4754762520662
359.1385269004 26.7826198186745
359.9424914736 33.2572747327186
360.7463766796 40.5314914905039
361.5501825184 48.8859896670186
362.35390899 58.2582190887262
363.1575560944 68.0541102671432
363.9611238316 78.0416452778153
364.7646122016 88.4159730973031
365.5680212044 97.9951903285276
366.37135084 106.083609182827
367.1746011084 112.374594739923
367.9777720096 117.838025536695
368.7808635436 120.72953609006
369.5838757104 121.838935078029
370.38680851 121.01659481997
371.1896619424 118.730691042292
371.9924360076 114.722838018318
372.7951307056 109.596487757584
373.5977460364 104.101157930967
374.400282 97.8040874979251
375.2027385964 90.8969493191953
376.0051158256 84.1204737118094
376.8074136876 78.1363133397724
377.6096321824 72.5857738245439
378.41177131 67.0472823791364
379.2138310704 61.54433609556
380.0158114636 55.8732406422352
380.8177124896 50.6081098077169
381.6195341484 45.4024066233863
382.42127644 40.6590247975652
383.2229393644 36.4190234413883
384.0245229216 32.4735692530197
384.8260271116 28.909107750143
385.6274519344 25.6676126444293
386.42879739 22.8524753229544
387.2300634784 20.304191334921
388.0312501996 17.9346641189912
388.8323575536 15.9224485461014
389.6333855404 14.2463992674837
390.43433416 12.7692154616639
391.2352034124 11.4105875173932
392.0359932976 10.1621115481736
392.8367038156 9.02418708994227
393.6373349664 7.91941314332391
394.43788675 6.90436665885255
395.2383591664 6.04905404996789
396.0387522156 5.3698951241456
396.8390658976 4.79798162006978
397.6393002124 4.29795522275827
398.43945516 3.81238595503565
399.2395307404 3.37015076687128
400.0395269536 2.98372643566257
400.8394437996 2.64776464269561
401.6392812784 2.34416422497683
402.43903939 2.09041300252701
403.2387181344 1.86873080393695
404.0383175116 1.67744233928557
404.8378375216 1.5276854032428
405.6372781644 1.3880699987469
406.43663944 1.25756051244446
407.2359213484 1.14543811565714
408.0351238896 1.05608921783608
408.8342470636 0.979243715609856
409.6332908704 0.904714162720364
410.43225531 0.83261028607316
411.2311403824 0.780783728026005
412.0299460876 0.726285440055289
412.8286724256 0.6821785447739
413.6273193964 0.641721142495663
414.425887 0.602493593837568
415.2243752364 0.568606522652379
416.0227841056 0.542017256553785
416.8211136076 0.502129799937304
417.6193637424 0.475310899700187
418.41753451 0.455298418020898
419.2156259104 0.443606388517345
420.0136379436 0.428464204342068
420.8115706096 0.425037885745513
421.6094239084 0.412363005501598
422.40719784 0.387118518499844
423.2048924044 0.38250180577765
424.0025076016 0.372701498257738
424.8000434316 0.364842102490824
425.5974998944 0.358967078331368
426.39487699 0.356742095316001
427.1921747184 0.345891649103814
427.9893930796 0.333453668038257
428.7865320736 0.31634711782064
429.5835917004 0.307942129376309
430.38057196 0.302944214755857
431.1774728524 0.307839131456441
431.9742943776 0.299773816959296
432.7710365356 0.299745257209925
433.5676993264 0.294960598690007
434.36428275 0.299583398857931
435.1607868064 0.293244583586273
435.9572114956 0.297781555281146
436.7535568176 0.300701760007751
437.5498227724 0.304978481682968
438.34600936 0.298766189792844
439.1421165804 0.295601539800664
439.9381444336 0.291070560353068
440.7340929196 0.290899741451022
441.5299620384 0.290765767949553
442.32575179 0.286461661744465
443.1214621744 0.280899618173773
443.9170931916 0.28094484789112
444.7126448416 0.278274400899878
445.5081171244 0.277043035743223
446.30351004 0.274534575593164
447.0988235884 0.276080378244068
447.8940577696 0.271056552822683
448.6892125836 0.266112428425869
449.4842880304 0.268979929310462
450.27928411 0.265359118525192
451.0742008224 0.270712547406966
451.8690381676 0.268384704335663
452.6637961456 0.271039848779089
453.4584747564 0.26370257558129
454.253074 0.263795476099683
455.0475938764 0.266200538600417
455.8420343856 0.264891599037059
456.6363955276 0.267140173132005
457.4306773024 0.2646220343554
458.22487971 0.255115236055986
459.0190027504 0.251558864283917
459.8130464236 0.246926936792154
460.6070107296 0.245801269397463
461.4008956684 0.2379479106311
462.19470124 0.240304178240994
462.9884274444 0.234903250580886
463.7820742816 0.228566711258547
464.5756417516 0.224573580082793
465.3691298544 0.221772094655371
466.16253859 0.225526828473893
466.9558679584 0.22927411706596
467.7491179596 0.231961094141174
468.5422885936 0.232568196813524
469.3353798604 0.226972953273168
470.12839176 0.225689553912895
470.9213242924 0.221393947330061
471.7141774576 0.224371442460694
472.5069512556 0.226367957933421
473.2996456864 0.226332933804584
474.09226075 0.224252738506812
474.8847964464 0.218129201058952
475.6772527756 0.214070802034513
476.4696297376 0.21005535137069
477.2619273324 0.206030770690227
478.05414556 0.210896084836205
478.8462844204 0.211680862078125
479.6383439136 0.212368726619795
480.4303240396 0.211041698229736
481.2222247984 0.212568348006925
482.01404619 0.214030787041311
482.8057882144 0.219247210559696
483.5974508716 0.222431349306261
484.3890341616 0.220836983822465
485.1805380844 0.222022058965879
485.97196264 0.223132516151096
486.7633078284 0.221445724415254
487.5545736496 0.223455128215343
488.3457601036 0.221831823715303
489.1368671904 0.218444866251904
489.92789491 0.214214431716601
490.7188432624 0.210037464004048
491.5097122476 0.2041842597585
492.3005018656 0.20540216982318
493.0912121164 0.205727138872157
493.881843 0.20090225951293
494.6723945164 0.198688247354795
495.4628666656 0.197381965367489
496.2532594476 0.195242947754181
497.0435728624 0.194817346436552
497.83380691 0.195265718947737
498.6239615904 0.195683968573631
499.4140369036 0.193632205406834
500.2040328496 0.194896576923109
500.9939494284 0.191269808740571
501.78378664 0.193384257999223
502.5735444844 0.193086063426681
503.3632229616 0.194427071435197
504.1528220716 0.192593893224673
504.9423418144 0.189978414961221
505.73178219 0.188954196291072
506.5211431984 0.187968999430673
507.3104248396 0.183901308413532
508.0996271136 0.183738371889109
508.8887500204 0.182841937222119
509.67779356 0.182749632615189
510.4667577324 0.181917556873383
511.2556425376 0.181863809574219
512.0444479756 0.178048245526735
512.8331740464 0.178797750982441
513.62182075 0.178774304018262
514.4103880864 0.178029090886547
515.1988760556 0.17729998356415
515.9872846576 0.17877286783797
516.7756138924 0.178777535361325
517.56386376 0.178735871533111
518.3520342604 0.177936009623193
519.1401253936 0.177850868859774
519.9281371596 0.17553747517593
520.7160695584 0.17899262165905
521.50392259 0.17665097608165
522.2916962544 0.175782607794804
523.0793905516 0.176330994061282
523.8670054816 0.174040360393435
524.6545410444 0.172500301754458
525.44199724 0.170997658641988
526.2293740684 0.168845772767218
527.0166715296 0.166751246133829
527.8038896236 0.164031212747121
528.5910283504 0.164134177351676
529.37808771 0.159497635497806
530.1650677024 0.158374658204883
530.9519683276 0.157992791032567
531.7387895856 0.155648655930579
532.5255314764 0.154694416677544
533.312194 0.151741057842597
534.0987771564 0.149518371066987
534.8852809456 0.148001154937349
535.6717053676 0.145828049420902
536.4580504224 0.147036502134
537.24431611 0.148232971641519
538.0305024304 0.149405713482766
538.8166093836 0.14916589142117
539.6026369696 0.148201977211961
540.3885851884 0.148539696813257
541.17445404 0.147490864106393
541.9602435244 0.149737344066906
542.7459536416 0.148572703443831
543.5315843916 0.147368796911326
544.3171357744 0.148130709990849
545.10260779 0.146208643680203
545.8880004384 0.142292581184796
546.6733137196 0.13970518935313
547.4585476336 0.140380681872646
548.2437021804 0.137181616943834
549.02877736 0.133993104027756
549.8137731724 0.132763012246676
550.5986896176 0.132209331205065
551.3835266956 0.134205546660361
552.1682844064 0.134300442449757
552.95296275 0.133123862839178
553.7375617264 0.129457606723649
554.5220813356 0.126481339519473
555.3065215776 0.126013952840448
556.0908824524 0.123692393597822
556.87516396 0.126346187660282
557.6593661004 0.12651981300673
558.4434888736 0.126084539561521
559.2275322796 0.123200040611573
560.0114963184 0.12156562197558
560.79538099 0.11933552534829
561.5791862944 0.120157943496994
562.3629122316 0.11978360190605
563.1465588016 0.122418566361555
563.9301260044 0.120836916430639
564.71361384 0.118679381829128
565.4970223084 0.115950024289067
566.2803514096 0.114434313642157
567.0636011436 0.115906220916518
567.8467715104 0.115602078686389
568.62986251 0.114710343168534
569.4128741424 0.112649261906163
570.1958064076 0.109420568148232
570.9786593056 0.109154150541999
571.7614328364 0.108901515977689
572.544127 0.10747475947072
573.3267417964 0.106635445438998
574.1092772256 0.105212311481214
574.8917332876 0.104388550603611
575.6741099824 0.102419337694845
576.45640731 0.101613263145714
577.2386252704 0.100809576845172
578.0207638636 0.102894033515521
578.8028230896 0.101534971744507
579.5848029484 0.0990423359022121
580.36670344 0.0977176200412058
581.1485245644 0.0969752332502391
581.9302663216 0.096802804492206
582.7119287116 0.0966442075852588
583.4935117344 0.0953550015122581
584.27501539 0.0940647419336974
585.0564396784 0.0933508064281779
585.8377845996 0.0949063215645506
586.6190501536 0.0919555472267518
587.4002363404 0.0918302886704903
588.18134316 0.0917067248877174
588.9623706124 0.0921464685311124
589.7433186976 0.0920402483196415
590.5241874156 0.0896951769289862
591.3049767664 0.0879186137746292
592.08568675 0.0867148953300971
592.8663173664 0.0860824777842516
593.6468686156 0.0837847621225082
594.4273404976 0.0798213829402869
595.2077330124 0.0792077161956754
595.98804616 0.077477726879464
596.7682799404 0.0774291395232593
597.5484343536 0.0757055842959437
598.3285093996 0.0745342350232108
599.1085050784 0.073918192988132
599.88842139 0.0727464086738666
600.6682583344 0.0737874804861776
601.4480159116 0.0720480530855772
602.2276941216 0.0714138490568438
603.0072929644 0.0713243810284628
603.78681244 0.0706768978181456
604.5662525484 0.0716836050442346
605.3456132896 0.0704768102802326
606.1248946636 0.0692578123753446
606.9040966704 0.0680391623136844
607.68321931 0.0695544281499109
608.4622625824 0.0699633535721699
609.2412264876 0.0670894566466098
610.0201110256 0.0680378306885599
610.7989161964 0.0668037172351291
611.577642 0.065585272899124
612.3562884364 0.0676153341053258
613.1348555056 0.0647861589808677
613.9133432076 0.0635938312422238
614.6917515424 0.0629545308208749
615.47008051 0.0628781593428049
616.2483301104 0.0606749603498263
617.0265003436 0.0606383576210387
617.8045912096 0.0611542033680479
618.5826027084 0.0579278590886305
619.36053484 0.0579394015750735
620.1383876044 0.0585061081176617
620.9161610016 0.0547942096942934
621.6938550316 0.0569962613797796
622.4714696944 0.0586805187115487
623.24900499 0.0555200294276446
624.0264609184 0.0545141210274746
624.8038374796 0.053509417936695
625.5811346736 0.0503308446209208
626.3583525004 0.049315386576083
627.13549096 0.0499182077090264
627.9125500524 0.0494268000599225
628.6895297776 0.0489326200895134
629.4664301356 0.0484277629029641
630.2432511264 0.0457396521742542
631.01999275 0.0446751658411873
631.7966550064 0.0468755195798476
632.5732378956 0.0463489935902106
633.3497414176 0.046367067062181
634.1261655724 0.046382942210231
634.90251036 0.0463936003707361
635.6787757804 0.0469547508604502
636.4549618336 0.0453297004888513
637.2310685196 0.0431575300985515
638.0070958384 0.0426280747866468
638.78304379 0.0437359020731238
639.5589123744 0.0432049635192353
640.3347015916 0.0432281830803891
641.1104114416 0.0421505844743535
641.8860419244 0.0416184510663893
642.66159304 0.0421829345205468
643.4370647884 0.0416562263526053
644.2124571696 0.040034719636456
644.9877701836 0.0411566947367518
645.7630038304 0.0428307077230943
646.53815811 0.04230353061568
647.3132330224 0.0395801486762126
648.0882285676 0.0352096261253511
648.8631447456 0.0335807043678994
649.6379815564 0.0358072576445056
650.412739 0.0347349559807229
651.1874170764 0.0353127513463574
651.9620157856 0.0347834781164475
652.7365351276 0.036466604445684
653.5109751024 0.035940853967209
654.28533571 0.0343076682441434
655.0596169504 0.0343323520495074
655.8338188236 0.0349145340585029
656.6079413296 0.036608607010226
657.3819844684 0.0355281854772863
658.15594824 0.0316685595755379
658.9298326444 0.0322499856098315
659.7036376816 0.0311619396298232
660.4773633516 0.0317490753826214
661.2510096544 0.0289926187851476
662.02457659 0.0262281704336265
662.7980641584 0.0256927465417388
663.5714723596 0.0245998585334254
664.3448011936 0.0246249979701242
665.1180506604 0.0252099979500641
665.89122076 0.0252341434221274
666.6643114924 0.0291887515308511
667.4373228576 0.0275316329710565
668.2102548556 0.0253128300723851
668.9831074864 0.0242138889119083
669.75588075 0.0236750319586567
670.5285746464 0.0265200195085078
671.3011891756 0.0254194103130318
672.0737243376 0.0265761992603563
672.8461801324 0.0266031511084754
673.61855656 0.0277671346050084
674.3908536204 0.0278008131341652
675.1630713136 0.0255605668589642
675.9352096396 0.0250198192996507
676.7072685984 0.025050321113672
677.47924819 0.0233710055878475
678.2511484144 0.0228304877783489
679.0229692716 0.0217167035779419
679.7947107616 0.0234598923916963
680.5663728844 0.0223452306317262
681.33795564 0.02179959056774
682.1094590284 0.0195313992741626
682.8808830496 0.0195568109852153
683.6522277036 0.0207353953798084
684.4234929904 0.0224946062438709
685.19467891 0.0242567857273946
685.9657854624 0.0266044761354875
686.7368126476 0.0277978458627411
687.5077604656 0.0255184765023533
688.2786289164 0.0232352652195157
689.049418 0.0238531375721839
689.8201277164 0.0227251189531817
690.5907580656 0.022174632773504
691.3613090476 0.0227922266747153
692.1317806624 0.0193143356338567
692.90217291 0.0187574664329174
693.6724857904 0.0187856550381435
694.4427193036 0.01881418784191
695.2128734496 0.018255792455691
695.9829482284 0.0188747897945293
696.75294364 0.0212636129199503
697.5228596844 0.0207022484099661
698.2926963616 0.0225142425454869
699.0624536716 0.0231449309927335
699.8321316144 0.0208023377703771
700.60173019 0.0220290196551199
701.3712493984 0.0226661260447249
702.1406892396 0.0203122565445501
702.9100497136 0.0179480032332483
703.6793308204 0.0173806796041367
704.44853256 0.0174134705931425
705.2176549324 0.0138358238631156
705.9866979376 0.013859265681781
706.7556615756 0.0120720204218323
707.5245458464 0.0114906511006599
708.29335075 0.0109060272622252
709.0620762864 0.0109249499477255
709.8307224556 0.010338828416375
710.5992892576 0.0103623888231794
711.3677766924 0.0116084102807012
712.13618476 0.0110190304968133
712.9045134604 0.0116557294776026
713.6727627936 0.0135300628857479
714.4409327596 0.0129460091047122
715.2090233584 0.0123554175092952
715.97703459 0.0111459513202874
716.7449664544 0.0124161141260392
717.5128189516 0.0118244908014842
718.2805920816 0.0106024493281259
719.0482858444 0.0112492221576488
719.81590024 0.0112752072643602
720.5834352684 0.0106759678477283
721.3508909296 0.010697802706492
722.1182672236 0.0119784089774857
722.8855641504 0.010742270908378
723.65278171 0.0120353013339541
724.4199199024 0.0158706670393903
725.1869787276 0.0165385771666797
725.9539581856 0.0146620779760019
726.7208582764 0.0153388375432052
727.487679 0.0140963131917914
728.2544203564 0.0128420789681327
729.0210823456 0.0135129469206494
729.7876649676 0.0129038954163306
730.5541682224 0.0116473480831683
731.32059211 0.0123246346207049
732.0869366304 0.0110497449926356
732.8532017836 0.0097711542895909
733.6193875696 0.00848840464962235
734.3854939884 0.00850510020907416
735.15152104 0.0065514608969778
735.9174687244 0.00721580998234952
736.6833370416 0.00591321116426306
737.4491259916 0.00723842250302838
738.2148355744 0.00724393970863797
738.98046579 0.00724541008806498
739.7460166384 0.00527203342070125
740.5114881196 0.00527792146283325
741.2768802336 0.00264164888019712
742.0421929804 0.00264346162183194
742.80742636 0.00727653334632508
743.5725803724 0.00728948768512168
744.3376550176 0.00597758997569902
745.1026502956 0.00732043022010001
745.8675662064 0.00600083476040192
746.63240275 0.00601697185385627
747.3971599264 0.0040252442553129
748.1618377356 0.0087527686856105
748.9264361776 0.00878094830258322
749.6909552524 0.010163629602475
750.45539496 0.0108808570720162
751.2197553004 0.00614493812216787
751.9840362736 0.00685128868534293
752.7482378796 0.00687036939024651
753.5123601184 0.00482243187412495
754.27640299 0.00345547231956009
755.0403664944 0.00277288225766174
755.8042506316 0.00347456109259594
756.5680554016 0.00069624546317747
757.3317808044 0.00209260554844106
758.09542684 3.30985604749787E-09
758.8589935084 -0.00280204521434571
759.6224808096 -0.00070140325203485
760.3858887436 -0.000702035989124505
761.1492173104 0.00281197568716014
761.91246651 0.00422577090679183
762.6756363424 0.0063498984516834
763.4387268076 0.00777100376698059
764.2017379056 0.00778017939231935
764.9646696364 0.00495990987346628
765.727522 0.00355233577320008
766.4902949964 0.00712451272665063
767.2529886256 0.00999958782498284
768.0156028876 0.0107415820864784
768.7781377824 0.0122153160716483
769.54059331 0.0101019061576858
770.3029694704 0.013044292936723
771.0652662636 0.0145506863110676
771.8274836896 0.0146093077765816
772.5896217484 0.0139421380336916
773.35168044 0.0147487372281578
774.1136597644 0.0133398679579186
774.8755597216 0.00967841226276495
775.6373803116 0.00972086452557713
776.3991215344 0.00976819980201942
777.16078339 0.00981982657865157
777.9223658784 0.0106297124994862
778.6838689996 0.00686602641402625
779.4452927536 0.00383231964514683
780.2066371404 0.00231045162589323
780.96790216 0.00309623878554746
781.7290878124 0.0070024117545246
782.4901940976 0.00860067469776073
783.2512210156 0.0102127391531981
784.0121685664 0.00868292241877139
784.77303675 0.00555273619994683
785.5338255664 0.00318848175508402
786.2945350156 0.00320375643357704
787.0551650976 0.00724298240754655
787.8157158124 0.00889322446503431
788.57618716 0.0105593345265646
789.3365791404 0.00979414502323277
790.0968917536 0.00656109412773421
790.8571249996 0.00906399216926357
791.6172788784 0.00910688969293468
792.37735339 0.0108128314673944
793.1373485344 0.0142060940354659
793.8972643116 0.0142725461430835
794.6571007216 0.012652684054637
795.4168577644 0.0101705073127581
796.17653544 0.00851602913535384
796.9361337484 0.00940995047517086
797.6956526896 0.00859108170170316
798.4550922636 0.00776649867198695
799.2144524704 0.00606953471617268
799.97373331 0.00435658647380008
800.7329347824 0.00175093673299851
801.4920568876 -0.000879230775141213
802.2510996256 0.000882754872428825
803.0100629964 0.000886475836833406
803.768947 0.000890689805397547
804.5277516364 0.00268566358107931
805.2864769056 -0.000899557320668908
806.0451228076 0.000903447333018659
806.8036893424 0.00272031129865953
807.56217651 0.00364151709654123
808.3205843104 0.00182917562641062
809.0789127436 0.0045960546698117
809.8371618096 0.00461898083858315
810.5953315084 0.00556516724665203
811.35342184 0.00651502427590674
812.1114328044 0.00467143884622154
812.8693644016 0.00281607357445504
813.6272166316 0.00471745698514848
814.3849894944 0.0028436030596315
815.14268299 0.0047576096210277
815.9002971184 -1.13019089288859E-08
816.6578318796 0.00574924494591569
817.4152872736 0.0019254530855911
818.1726633004 0.00871127149444867
818.92995996 0.00486336518977636
819.6871772524 0.00390579575683244
820.4443151776 0.00587700360507017
821.2013737356 0.00786323115315253
821.9583529264 0.00592446788988059
822.71525275 0.00694954945964082
823.4720732064 0.00299374487818435
824.2288142956 0.00300538379555219
824.9854760176 -2.61608811994132E-08
825.7420583724 0.00201422369974723
826.49856136 -0.0030331638246515
827.2549849804 0.0010164292682305
828.0113292336 0.00204408723568343
828.7675941196 0.00307959304671446
829.5237796384 0.00102924798759399
830.27988579 0.002062765766859
831.0359125744 -0.00103486684029465
831.7918599916 -0.00104008334273636
832.5477280416 -4.9546594204665E-09
833.3035167244 -0.00210359289874263
834.05922604 -0.00105550241024069
834.8148559884 7.51359295361167E-09
835.5704065696 -0.00318176696980128
836.3258777836 -0.00425977235779147
837.0812696304 -0.00535615038034085
837.83658211 -0.00323316971506687
838.5918152224 -0.00108262821826357
839.3469689676 0.00217073771912644
840.1020433456 0.00434918750616582
840.8570383564 0.00436204602242653
841.611954 0.00876735324579797
842.3667902764 0.00882177420391377
843.1215471856 0.00776148670066827
843.8762247276 0.0100133468431055
844.6308229024 0.0111443053590286
845.38534171 0.007813638037281
846.1397811504 0.00336065935424169
846.8941412236 0.00112638526791594
847.6484219296 0.00226687892658364
848.4026232684 0.00341750634940244
849.15674524 0.00456889573988834
849.9107878444 0.00114364867082322
850.6647510816 0.00114597393431896
851.4186349516 0.00115097372912457
852.1724394544 0.0011581727078727
852.92616459 0.00233131230316834
853.6798103584 0.00351362074311207
854.4333767596 0.00704299511947117
855.1868637936 0.00705120387141219
855.9402714604 0.00588951001142513
856.69359976 0.00355029654156439
857.4468486924 0.00238223398778998
858.2000182576 0.0071928890850752
858.9531084556 0.00602055005716905
859.7061192864 0.00482511642416674
860.45905075 0.00483115449181217
861.2119028464 -2.86721497854957E-09
861.9646755756 0.00243435197456331
862.7173689376 0.00490154772288859
863.4699829324 0.00739906929330432
864.22251756 0.00619332094674804
864.9749728204 0.00744744661911803
865.7273487136 0.00870086540353419
866.4796452396 0.00872687924489287
867.2318623984 0.012532407234611
867.98400019 0.0176628660350862
868.7360586144 0.0152354260471262
869.4880376716 0.0178491882319628
870.2399373616 0.0166059299189117
870.9917576844 0.0127917879244408
871.74349864 0.0115473951125897
872.4951602284 0.0129004811797725
873.2467424496 0.0168848991523779
873.9982453036 0.0143764307732112
874.7496687904 0.0105017257883304
875.50101291 0.00394679146922471
876.2522776624 -0.00263521846213671
877.0034630476 0.00132133569786018
877.7545690656 0.00664054955642293
878.5055957164 0.00936183045761941
879.256543 0.00538573389575197
880.0074109164 0.00541170642805637
880.7581994656 0.00406943277159525
881.5089086476 0.00271784591487335
882.2595384624 0.00817481908751771
883.01008891 0.0123225303904619
883.7605599904 0.017918010639021
884.5109517036 0.0235915342861519
885.2612640496 0.0195382337267789
886.0114970284 0.0154092424451793
886.76165064 0.0126339566484581
887.5117248844 0.0196974789984801
888.2617197616 0.0211881960396139
889.0116352716 0.0227338839982389
889.7614714144 0.0228907513921319
890.51122819 0.0215974819974238
891.2609055984 0.0202455889242111
892.0105036396 0.0232027186361662
892.7600223136 0.0218053978794881
893.5094616204 0.0247939168710376
894.25882156 0.0263835722567353
895.0081021324 0.0280311957594607
895.7573033376 0.0252565913432385
896.5064251756 0.0239128699788559
897.2554676464 0.0285209849334507
898.00443075 0.0316190162292629
898.7533144864 0.0332226279759742
899.5021188556 0.0303264049773187
900.2508438576 0.0213474361558535
900.9994894924 0.0214925428258545
901.74805576 0.0216369270015315
902.4965426604 0.0233115235428542
903.2449501936 0.0218518828119152
903.9932783596 0.0203606590486969
904.7415271584 0.0188578326970085
905.48969659 0.0157839893290435
906.2377866544 0.01429022106507
906.9857973516 0.0111922604980745
907.7337286816 0.016100360165308
908.4815806444 0.0242948623008002
909.22935324 0.0244147732418279
909.9770464684 0.0228805897252622
910.7246603296 0.0196876159589902
911.4721948236 0.0247241669311063
912.2196499504 0.0281878259683422
912.96702571 0.023377681359865
913.7143221024 0.0185065833108645
914.4615391276 0.0152459214467388
915.2086767856 0.0204418971801189
915.9557350764 0.0205354497934682
916.702714 0.0171807553888393
917.4496135564 0.0155248091176685
918.1964337456 0.0173354863977199
918.9431745676 0.017441419574113
919.6898360224 0.0140400131644701
920.43641811 0.00882137989814248
921.1829208304 0.0194807353904779
921.9293441836 0.0266165993557087
922.6756881696 0.0248593461427952
923.4219527884 0.0195367740193926
924.16813804 0.0159946925328688
924.9142439244 0.0142440408469556
925.6602704416 0.0160687381641983
926.4062175916 0.0178973748964091
927.1520853744 0.0179280004044213
927.89787379 0.0161495477774255
928.6435828384 0.0269241664408463
929.3892125196 0.0251450487766074
930.1347628336 0.0179902280295744
930.8802337804 0.0180452219744895
931.62562536 0.0181350832710704
932.3709375724 0.0182437587589168
933.1161704176 0.0201955174611836
933.8613238956 0.0184719326823958
934.6063980064 0.018581000738781
935.35139275 0.0224244177594565
936.0963081264 0.020680486029494
936.8411441356 0.0151476246833814
937.5859007776 0.0114565801944267
938.3305780524 0.0154227343337289
939.07517596 0.0155846482827432
939.8196945004 0.0157460126615813
940.5641336736 0.0139141428019693
941.3084934796 0.0100286224247835
942.0527739184 0.00607021650329222
942.79697499 0.00612391626676863
943.5410966944 0.00206035684090018
944.2851390316 0.00624213961365205
945.0291020016 0.00630690163602477
945.7729856044 0.0106229297177351
946.51678984 0.0085826251863161
947.2605147084 0.0086586513888449
948.0041602096 0.0130977295716042
948.7477263436 0.0220118240293621
949.4912131104 0.0221966350553019
950 0.022968791557134
950.1 0.0220499564706913
950.2 0.0200294370037549
950.3 0.0144909428921257
950.4 0.0121820140631875
950.5 0.00925665431611204
950.6 0.00602325912168165
950.7 0.00285052926227122
950.8 0.000129904054364948
950.9 -0.00176703832788473
951 -0.00253162423783223
951.4546673696 -0.00115019645780653
953.0678593429 -0.0026707682866517
954.68092721 -0.00303887195318036
956.2938709709 -0.00680982439940442
957.9066906256 -0.0184728528508527
959.5193861741 -0.0142796363914856
961.1319576164 -0.0142372645424683
962.7444049525 -0.00672417440851379
964.3567281824 -0.0119215205934026
965.9689273061 -0.0070601380600704
967.5810023236 -0.0107512271052926
969.1929532349 -0.00628950621299093
970.80478004 -0.00110776834642864
972.4164827389 -0.00221057744810021
974.0280613316 0.000734922398894709
975.6395158181 0.00550051055948057
977.2508461984 0.00585237625964291
978.8620524725 0.00693126558337543
980.4731346404 -0.00145563353526542
982.0840927021 0.00399053820289322
983.6949266576 -0.00397710748674918
985.3056365069 -0.0054036970876309
986.91622225 -0.00502372092216977
988.5266838869 -0.00571971094589119
990.1370214176 -0.0121075835387113
991.7472348421 -0.0138303300072221
993.3573241604 -0.0134178920325918
994.9672893725 -0.0123033618803804
996.5771304784 -0.0143462348136833
998.1868474781 -0.0128842545599655
999.7964403716 -0.0121316054426135
1001.4059091589 -0.0082810021913718
1003.01525384 -0.00480874511508676
1004.6244744149 -0.0119661235403831
1006.2335708836 -0.0176916894387961
1007.8425432461 -0.00913978306918649
1009.4513915024 -0.0080839793515781
1011.0601156525 -0.012735382875679
1012.6687156964 -0.0116704179083633
1014.2771916341 -0.00762992838066331
1015.8855434656 -0.0115540242898023
1017.4937711909 -0.0154377971884859
1019.10187481 -0.0166682596475183
1020.7098543229 -0.0198334151893106
1022.3177097296 -0.0184368606639476
1023.9254410301 -0.016727891691133
1025.5330482244 -0.0166350965507479
1027.1405313125 -0.0168588345593964
1028.7478902944 -0.0132859521203822
1030.3551251701 -0.0166724371742129
1031.9622359396 -0.0222101363088707
1033.5692226029 -0.0155500564655181
1035.17608516 -0.00803814076500654
1036.7828236109 -0.00522474313231041
1038.3894379556 -0.00702800966486303
1039.9959281941 -0.00334189015927908
1041.6022943264 -0.00543853962019328
1043.2085363525 -0.0069110322744007
1044.8146542724 -0.00837094635497288
1046.4206480861 -0.0110081917405297
1048.0265177936 -0.0100713701484828
1049.6322633949 -0.00649074551883083
1051.23788489 -0.00940635536440975
1052.8433822789 -0.0146502216929512
1054.4487555616 -0.0198710441359593
1056.0540047381 -0.0128295066077365
1057.6591298084 -0.0195010687420131
1059.2641307725 -0.0148233155005014
1060.8690076304 -0.0151014452379983
1062.4737603821 -0.016544473716487
1064.0783890276 -0.0168274908851093
1065.6828935669 -0.0150812400398425
1067.287274 -0.015947916298859
1068.8915303269 -0.0168134921479272
1070.4956625476 -0.0153585109133812
1072.0996706621 -0.00984746233841829
1073.7035546704 -0.0133164798285145
1075.3073145725 -0.0107070607515323
1076.9109503684 -0.0141731578094172
1078.5144620581 -0.0144551627255091
1080.1178496416 -0.0124207615960235
1081.7211131189 -0.00952467719095124
1083.32425249 -0.00749841862063231
1084.9272677549 -0.00893229526422153
1086.5301589136 -0.00978837397460255
1088.1329259661 -0.00863039072889354
1089.7355689124 -0.0094853266606065
1091.3380877525 -0.00803986673259325
1092.9404824864 -0.00917854342249563
1094.5427531141 -0.007449349599224
1096.1448996356 -0.00801293385680241
1097.7469220509 -0.00686047292668486
1099.34882036 -0.00570925419243034
1100.9505945629 -0.00883541904334212
1102.5522446596 -0.00768278882853353
1104.1537706501 -0.00255693790524346
1105.7551725344 -0.00482253710418263
1107.3564503125 -0.00792999342662456
1108.9576039844 -0.00735117139577016
1110.5586335501 -0.003386780544075
1112.1595390096 -0.000845296791674101
1113.7603203629 0.000562739206231596
1115.36097761 0.00224774417032581
1116.9615107509 0.000280530449303807
1118.5619197856 0.000839980505811184
1120.1622047141 -0.00139723889193307
1121.7623655364 -0.000278740033581163
1123.3624022525 -0.00139116325717464
1124.9623148624 0.00610751360492555
1126.5621033661 0.00692227329803148
1128.1617677636 0.0104913483370663
1129.7613080549 0.00907939083986499
1131.36072424 0.00740053988778123
1132.9600163189 0.00819072498529832
1134.5591842916 0.0095165882412733
1136.1582281581 0.00785185347141515
1137.7571479184 0.010514175387567
1139.3559435725 0.00536859469389584
1140.9546151204 0.00587928976804462
1142.5531625621 0.00452297298483549
1144.1515858976 0.00344377918944119
1145.7498851269 -4.69554285306295E-09
1147.34806025 0.00157487234129638
1148.9461112669 0.0039193609464899
1150.5440381776 -0.00104022816129442
1152.1418409821 0.00103562678398232
1153.7395196804 0.00154654126009403
1155.3370742725 -0.00102631051918996
1156.9345047584 -0.00102140507675332
1158.5318111381 0.00127074313683421
1160.1289934116 -0.00278305439560834
1161.7260515789 -0.00428146056208427
1163.32298564 -0.00526585529229624
1164.9197955949 -0.00749131491639983
1166.5164814436 -0.0082063752953766
1168.1130431861 -0.00346751818523339
1169.7094808224 -0.00419352770815282
1171.3057943525 -0.0066352010718007
1172.9019837764 -0.00342819944784962
1174.4980490941 -0.00536872312691112
1176.0939903056 -0.0048629353871036
1177.6898074109 -0.00533025471505581
1179.28550041 -0.00507086239700252
1180.8810693029 -0.00457354419331456
1182.4765140896 -0.00335936938646284
1184.0718347701 -0.0033492418996955
1185.6670313444 -0.00691571507480414
1187.2621038125 -0.00998607158557679
1188.8570521744 -0.00616317593892689
1190.4518764301 -0.00638120277359536
1192.0465765796 -0.00659826021767827
1193.6411526229 -0.00587576029279087
1195.23560456 -0.00609355086037819
1196.8299323909 -0.00186957377853524
1198.4241361156 -0.00372822283157558
1200.0182157341 -0.00441542973281926
1201.6121712464 -0.00463613781844333
1203.2060026525 -0.00439392779906639
1204.7997099524 -0.00369059367880366
1206.3932931461 -0.003680920960269
1207.9867522336 -0.00481937303716685
1209.5800872149 -0.000229012710161885
1211.17329809 -0.00159898450636905
1212.7663848589 -0.000227988064612718
1214.3593475216 -0.00272937141831991
1215.9521860781 -0.00295040043798254
1217.5449005284 -0.00362448037133994
1219.1374908725 -0.00158263196246923
1220.7299571104 -0.00293434685878618
1222.3222992421 -0.00405749707489813
1223.9145172676 -0.00630438863988417
1225.5066111869 -0.00697203436934221
1227.098581 -0.00966172484468598
1228.6904267069 -0.0116759750193308
1230.2821483076 -0.0136919775336182
1231.8737458021 -0.0172783613838843
1233.4652191904 -0.0148081239979452
1235.0565684725 -0.0170466217139795
1236.6477936484 -0.0204117410528581
1238.2388947181 -0.0172727848978729
1239.8298716816 -0.0172772675513287
1241.4207245389 -0.0170562511556976
1243.01145329 -0.0157109845984014
1244.6020579349 -0.0148159254121865
1246.1925384736 -0.0150416976665429
1247.7828949061 -0.0136939625217062
1249.3731272324 -0.0121236943539528
1250.9632354525 -0.0141465791899258
1252.5532195664 -0.0112289001694246
1254.1430795741 -0.00965755386953507
1255.7328154756 -0.00943354498537441
1257.3224272709 -0.00516560306252971
1258.91191496 -0.00494106295529888
1260.5012785429 -0.00808613485960034
1262.0905180196 -0.00718691199873875
1263.6796333901 -0.00583916603997921
1265.2686246544 -0.00359326597701486
1266.8574918125 -0.00269484143019607
1268.4462348644 -0.00359265134027164
1270.0348538101 -0.00404128931963234
1271.6233486496 -0.00426391192254297
1273.2117193829 -0.00605614097729291
1274.79996601 -0.0100872212401548
1276.3880885309 -0.00851309929775029
1277.9760869456 -0.00402993663089908
1279.5639612541 -0.00335643052540764
1281.1517114564 -0.00536567691423625
1282.7393375525 -0.00938250646740884
1284.3268395424 -0.00915151106386799
1285.9142174261 -0.00936656643584787
1287.5014712036 -0.00913442802869323
1289.0886008749 -0.0102407465684609
1290.67560644 -0.0106758355488417
1292.2624878989 -0.00955812878180722
1293.8492452516 -0.00933040481496604
1295.4358784981 -0.011546301589643
1297.0223876384 -0.0139797936548006
1298.6087726725 -0.0139713362821538
1300.1950336004 -0.0110787699786255
1301.7811704221 -0.0104061249522646
1303.3671831376 -0.0123879725915364
1304.9530717469 -0.00795841498959082
1306.53883625 -0.00795124863146087
1308.1244766469 -0.00507567326102797
1309.7099929376 -0.00925714054410248
1311.2953851221 -0.0110046412241282
1312.8806532004 -0.00966900611742415
1314.4657971725 -0.00877667853722631
1316.0508170384 -0.007887397566387
1317.6357127981 -0.00896930741812428
1319.2204844516 -0.0102650091202386
1320.8051319989 -0.00719667517604166
1322.38965544 -0.0108855571257476
1323.9740547749 -0.0106508414007412
1325.5583300036 -0.0143229270153876
1327.1424811261 -0.0101841602782658
1328.7265081424 -0.0116836824254246
1330.3104110525 -0.00993968375829156
1331.8941898564 -0.0118682192344958
1333.4778445541 -0.0122846153419138
1335.0613751456 -0.0120552044087526
1336.6447816309 -0.0116143869926678
1338.22806401 -0.0105322732878395
1339.8112222829 -0.0107487925203776
1341.3942564496 -0.00968247694535429
1342.9771665101 -0.00754653686431997
1344.5599524644 -0.00951536475037861
1346.1426143125 -0.00586330126868311
1347.7251520544 -0.00895151616611512
1349.3075656901 -0.00989744890362625
1350.8898552196 -0.00709742908556926
1352.4720206429 -0.00559623802290613
1354.05406196 -0.00610175117697655
1355.6359791709 -0.0093546950426886
1357.2177722756 -0.0103617439529452
1358.7994412741 -0.0111469054191032
1360.3809861664 -0.0116871089674064
1361.9624069525 -0.00962294316151767
1363.5437036324 -0.0105835596093516
1365.1248762061 -0.00893494807180235
1366.7059246736 -0.00281496376450158
1368.2868490349 -0.00514423914130942
1369.86764929 -0.0109521922426591
1371.4483254389 -0.00766167023897474
1373.0288774816 -0.00393120782232073
1374.6093054181 -0.00483856299201779
1376.1896092484 -0.00275476008163053
1377.7697889725 -0.00366232924535505
1379.3498445904 -0.00502741664546128
1380.9297761021 -0.00501903310059826
1382.5095835076 -0.00546634082535981
1384.0892668069 -0.00909059065415006
1385.668826 -0.00747721991876996
1387.2482610869 -0.00316227361533336
1388.8275720676 -0.00562548560737025
1390.4067589421 -0.00582919329135278
1391.9858217104 -0.00357203970967156
1393.5647603725 -0.00889193309801346
1395.1435749284 -0.00685711136353877
1396.7222653781 -0.00506181876097509
1398.3008317216 -0.00262944326354169
1399.8792739589 -0.00545430289071003
1401.45759209 -0.0054312139398112
1403.0357861149 -0.00389556633169962
1404.6138560336 -0.00344526736983464
1406.1918018461 -0.00342902159673761
1407.7696235524 -0.00575561534504704
1409.3473211525 -0.00614562149612852
1410.9248946464 -0.00189590143860696
1412.5023440341 -0.00356223244371397
1414.0796693156 -0.00250065331855472
1415.6568704909 -0.00476707548206415
1417.23394756 -0.00474409754222214
1418.8109005229 -0.00657091572495175
1420.3877293796 -0.00817671499514332
1421.9644341301 -0.00529600635768001
1423.5410147744 -0.00771216921118282
1425.1174713125 -0.00708055829246387
1426.6938037444 -0.00746500233735989
1428.2700120701 -0.0088570002934627
1429.8460962896 -0.00903815780536632
1431.4220564029 -0.01022657878549
1432.99789241 -0.0102113259724672
1434.5736043109 -0.00679861739500165
1436.1491921056 -0.00559077900802934
1437.7246557941 -0.00518524205976924
1439.2999953764 -0.00935975530062814
1440.8752108525 -0.00517194897450223
1442.4503022224 -0.00417183192077414
1444.0252694861 -0.0069458995621877
1445.6001126436 -0.00574588262314741
1447.1748316949 -0.00435327064115295
1448.74942664 -0.0043465555185302
1450.3238974789 -0.00493248661759719
1451.8982442116 -0.00709173076954935
1453.4724668381 -0.00570644582371952
1455.0465653584 -0.00609364558472112
1456.6205397725 -0.00530334311570366
1458.1943900804 -0.0090291638741669
1459.7681162821 -0.00902669802304967
1461.3417183776 -0.00490391639401107
1462.9151963669 -0.00706389453502254
1464.48855025 -0.00451339602527675
1466.0617800269 -0.00490793223638303
1467.6348856976 -0.00589113765590899
1469.2078672621 -0.00569767365021491
1470.7807247204 -0.00530446845341559
1472.3534580725 -0.0051076642480402
1473.9260673184 -0.00392801382802217
1475.4985524581 -0.00255288578415637
1477.0709134916 -0.00274812389565406
1478.6431504189 -0.00470893786199334
1480.21526324 -0.000980136775904064
1481.7872519549 -0.00450543340183129
1483.3591165636 -0.00587109255342964
1484.9308570661 -0.00176027251245079
1486.5024734624 -0.003713804718568
1488.0739657525 -0.00234479941921039
1489.6453339364 -0.00117180242759807
1491.2165780141 -0.00214742735749541
1492.7876979856 -0.00370653466604723
1494.3586938509 -0.0052634841994723
1495.92956561 -0.00311731524362237
1497.5003132629 -0.00467446086069978
1499.0709368096 -0.00330955523402191
1500.6414362501 -0.00116782616860499
1502.2118115844 -0.00330755708471904
1503.7820628125 -0.000194534742040985
1505.3521899344 -0.00116750860604417
1506.9221929501 -0.00428288606120834
1508.4920718596 -0.00253198208686954
1510.0618266629 9.66398837345248E-09
1511.63145736 0.00273165022039411
1513.2009639509 1.38589363034355E-09
1514.7703464356 0.000977876776535947
1516.3396048141 0.00117538463609881
1517.9087390864 0.000588585834090949
1519.4777492525 0.00117939841987935
1521.0466353124 0.000787535749990687
1522.6153972661 0.000591635111192271
1524.1840351136 0.00138249368996532
1525.7525488549 -0.00158354215222418
1527.32093849 -0.00297427750135226
1528.8892040189 -0.00218546541458245
1530.4573454416 0.000397929732943231
1532.0253627581 -0.00358878211037599
1533.5932559684 -0.00519120402985366
1535.1610250725 -0.00259959644125818
1536.7286700704 -0.00160143265496593
1538.2961909621 -0.00220482412342412
1539.8635877476 -0.00361125603880432
1541.4308604269 -0.00281214849399477
1542.998009 -0.00160790332747754
1544.5650334669 -0.00201208193561007
1546.1319338276 -0.00382632085719412
1547.6987100821 -0.00443573467955101
1549.2653622304 -0.00181623434879146
1550.8318902725 -0.0042431868300609
1552.3982942084 -0.00667432915249608
1553.9645740381 -0.00789732220770781
1555.5307297616 -0.0085127416462687
1557.0967613789 -0.0113645970513102
1558.66266889 -0.00995463849830156
1560.2284522949 -0.00996606186158527
1561.7941115936 -0.0107881915501031
1563.3596467861 -0.0114111095571444
1564.9250578724 -0.0124413806428001
1566.4903448525 -0.0128630433433371
1568.0555077264 -0.00919447526003626
1569.6205464941 -0.0100220677348732
1571.1854611556 -0.0120790157320867
1572.7502517109 -0.0104542665445748
1574.31491816 -0.00533485514945493
1575.8794605029 -0.0102723145735748
1577.4438787396 -0.00966747196310445
1579.0081728701 -0.00659156777898162
1580.5723428944 -0.00783716336788333
1582.1363888125 -0.00619634345897777
1583.7003106244 -0.0045499079385762
1585.2641083301 -0.0045580184279457
1586.8277819296 -0.00456521040078589
1588.3913314229 -0.00394975534825047
1589.95475681 -0.00458174226400897
1591.5180580909 -0.00813837468676955
1593.0812352656 -0.00648024485877306
1594.6442883341 -0.00502727405917225
1596.2072172964 -0.00440675812913903
1597.7700221525 -0.000630838451636912
1599.3327029024 -0.00168536240186504
1600.8952595461 -0.00610827873994183
1602.4576920836 -0.00780825914392179
1604.0200005149 -0.00740331870067764
1605.58218484 -0.00720548236648952
1607.1442450589 -0.00679614500695883
1608.7061811716 -0.00638371840695066
1610.2679931781 -0.00405248394804032
1611.8296810784 -0.00769532969052072
1613.3912448725 -0.0109323500556542
1614.9526845604 -0.0148316720956539
1616.5140001421 -0.0133755518494217
1618.0751916176 -0.0144994704033121
1619.6362589869 -0.013034450138836
1621.19720225 -0.00937724746137717
1622.7580214069 -0.0118345574852013
1624.3187164576 -0.0141002562731862
1625.8792874021 -0.0137485417307827
1627.4397342404 -0.0131782581210791
1629.0000569725 -0.0123932620622576
1630.5602555984 -0.0125167437482785
1632.1203301181 -0.0108293029609867
1633.6802805316 -0.0140181505757199
1635.2401068389 -0.00760846364935474
1636.79980904 -0.00509463299608401
1638.3593871349 -0.0129253419321566
1639.9188411236 -0.00792261217509685
1641.4781710061 -0.00396036201614377
1643.0373767824 -0.00492968292433618
1644.5964584525 -0.00799505779379398
1646.1554160164 -0.00747494393424808
1647.7142494741 -0.00724081454521091
1649.2729588256 -0.0109813622570937
1650.8315440709 -0.00954455774412404
1652.39000521 -0.0113047666371563
1653.9483422429 -0.0169460184775722
1655.5065551696 -0.0142856342033035
1657.0646439901 -0.0218921821123678
1658.6226087044 -0.0250765535972189
1660.1804493125 -0.0313757662952714
1661.7381658144 -0.0244877361756808
1663.2957582101 -0.0301685363244156
1664.8532264996 -0.0270373861024368
1666.4105706829 -0.0275940967970776
1667.96779076 -0.0311088303842034
1669.5248867309 -0.0432567778589597
1671.0818585956 -0.0558369881964896
1672.6387063541 -0.0546783597878928
1674.1954300064 -0.0449337357799856
1675.7520295525 -0.0538599907124887
1677.3085049924 -0.047833486568884
1678.8648563261 -0.067859128652898
1680.4210835536 -0.0772350918961847
1681.9771866749 -0.0821030449094078
1683.53316569 -0.0882967541518656
1685.0890205989 -0.0836093523357356
1686.6447514016 -0.0853339077390182
1688.2003580981 -0.076453697264816
1689.7558406884 -0.0820973084932097
1691.3111991725 -0.0991798703854753
1692.8664335504 -0.112026259657545
1694.4215438221 -0.110195025159368
1695.9765299876 -0.116554950134291
1697.5313920469 -0.0999198121656595
1699.08613 -0.104047055709688
1700.6407438469 -0.0896079566916648
1702.1952335876 -0.0933050007148356
1703.7495992221 -0.11261783134493
1705.3038407504 -0.0968062325926509
1706.8579581725 -0.114564298456518
1708.4119514884 -0.0979550127430811
1709.9658206981 0.0457052671027721
1711.5195658016 -0.418761397098021
1713.0731867989 0.093650135772251
1714.62668369 -0.333425472169464
1716.1800564749 -0.333425472169464
