293.753818 0
294.5642113164 0
295.3745252656 0
296.1847598476 0
296.9949150624 0.528907492054654
297.80499091 0.187262358807778
298.6149873904 0.362343920460954
299.4249045036 0.482757459985601
300.2347422496 0.510906039273322
301.0445006284 0.289868144092395
301.85417964 0.201401343890596
302.6637792844 0.155949440673578
303.4732995616 0.151115202555743
304.2827404716 0.219245449506657
305.0921020144 0.141675342326946
305.90138419 0.103450306186027
306.7105869984 0.134091169537987
307.5197104396 -3.84868872525799E-07
308.3287545136 0.126409172615506
309.1377192204 0.123287239143608
309.94660456 0.149709001891909
310.7554105324 0.1744113308672
311.5641371376 0.170048385721748
312.3727843756 0.027663030484676
313.1813522464 0.027010172049947
313.98984075 0.0526924567187024
314.7982498864 0.204978936819088
315.6065796556 0.124606707081002
316.4148300576 0.121776761583647
317.2230010924 3.38591867205104E-07
318.03109276 -0.0232486311454449
318.8391050604 0.0682283737678298
319.6470379936 0.044478578049683
320.4548915596 0.0653614416698414
321.2626657584 0.191705960483036
322.07036059 0.165528452285909
322.8779760544 0.202143253018246
323.6855121516 0.13751586044122
324.4929688816 0.247980181087866
325.3003462444 0.277631439290939
326.10764424 0.322867949250963
326.9148628684 0.345212176243795
327.7220021296 0.282878312108753
328.5290620236 0.323163557263185
329.3360425504 0.329631867604742
330.14294371 0.273808025184568
330.9497655024 0.280462387821469
331.7565079276 0.186802025003361
332.5631709856 0.182363099916569
333.3697546764 0.137014230408182
334.176259 0.10702923394483
334.9826839564 0.104595505621157
335.7890295456 0.0762553066402183
336.5952957676 0.0868684336003459
337.4014826224 0.121894389486452
338.20759011 0.120004018513989
339.0136182304 0.188006716024732
339.8195669836 0.19548643653989
340.6254363696 0.282879544832373
341.4312263884 0.300058470327329
342.23693704 0.327097537388457
343.0425683244 0.375276505563936
343.8481202416 0.410371326997477
344.6535927916 0.456509662542164
345.4589859744 0.5214893817111
346.26429979 0.530862280992037
347.0695342384 0.556977745436849
347.8746893196 0.586455227887535
348.6797650336 0.653018148926415
349.4847613804 0.671993855870867
350.28967836 0.746766331530469
351.0945159724 0.828917820524368
351.8992742176 0.94158965532026
352.7039530956 1.07192257679155
353.5085526064 1.19829101892919
354.31307275 1.37944823059219
355.1175135264 1.60763742247296
355.9218749356 1.92402795884385
356.7261569776 2.31712527235353
357.5303596524 2.81866658294194
358.33448296 3.43441229789464
359.1385269004 4.19591310850367
359.9424914736 5.1552330362865
360.7463766796 6.14370121473603
361.5501825184 7.32822440748859
362.35390899 8.63664603727663
363.1575560944 9.97343967283694
363.9611238316 11.2953902875953
364.7646122016 12.6783300500071
365.5680212044 13.969380301085
366.37135084 15.0826263495257
367.1746011084 15.9831556331391
367.9777720096 16.8165807678377
368.7808635436 17.3334610900435
369.5838757104 17.659877897826
370.38680851 17.7533035875161
371.1896619424 17.6566173426141
371.9924360076 17.3972607313771
372.7951307056 17.0330304834677
373.5977460364 16.5336630435421
374.400282 15.9531346594455
375.2027385964 15.2257094561753
376.0051158256 14.4684632440297
376.8074136876 13.7757247323394
377.6096321824 13.1246352501037
378.41177131 12.4368324022333
379.2138310704 11.6968117335033
380.0158114636 10.9602635722419
380.8177124896 10.1542275920625
381.6195341484 9.30635242631532
382.42127644 8.56278783808658
383.2229393644 7.82294178280393
384.0245229216 7.12494540322836
384.8260271116 6.49635260503182
385.6274519344 5.93038251462727
386.42879739 5.35827505595545
387.2300634784 4.84227290154772
388.0312501996 4.33723929621786
388.8323575536 3.84370499720495
389.6333855404 3.45869710512333
390.43433416 3.12930837363581
391.2352034124 2.81371607867313
392.0359932976 2.51952522451282
392.8367038156 2.22703739815181
393.6373349664 1.93714020700587
394.43788675 1.66669362558672
395.2383591664 1.47075182777573
396.0387522156 1.3087629805781
396.8390658976 1.16067980839181
397.6393002124 1.03726215576448
398.43945516 0.916260633477706
399.2395307404 0.7882866731037
400.0395269536 0.686864140392693
400.8394437996 0.60245367888242
401.6392812784 0.537188402293095
402.43903939 0.476603881533789
403.2387181344 0.420623855980043
404.0383175116 0.371622998086046
404.8378375216 0.339503466103383
405.6372781644 0.30847505031602
406.43663944 0.288307243749645
407.2359213484 0.254009540956815
408.0351238896 0.240029386397284
408.8342470636 0.217093132227076
409.6332908704 0.199507793407798
410.43225531 0.18477695701258
411.2311403824 0.179495879927152
412.0299460876 0.17219408640037
412.8286724256 0.167290241421163
413.6273193964 0.14973872092936
414.425887 0.136933716442811
415.2243752364 0.124515339217045
416.0227841056 0.12681442798415
416.8211136076 0.112931186697352
417.6193637424 0.109383376443097
418.41753451 0.0981266061510919
419.2156259104 0.0891104822016227
420.0136379436 0.0860770695009268
420.8115706096 0.0831201554074681
421.6094239084 0.0746373059290305
422.40719784 0.0737382131066177
423.2048924044 0.0746802822773226
424.0025076016 0.0702203919847118
424.8000434316 0.0622912455074302
425.5974998944 0.0563095855195889
426.39487699 0.0539473599102921
427.1921747184 0.0567891846540045
427.9893930796 0.0561436747814017
428.7865320736 0.0454336083158962
429.5835917004 0.04494365687481
430.38057196 0.0477474365753796
431.1774728524 0.0456065872251816
431.9742943776 0.0451280080564736
432.7710365356 0.0462380910573002
433.5676993264 0.0488980370966996
434.36428275 0.0592935326133291
435.1607868064 0.0601932854124634
435.9572114956 0.0580302081545951
436.7535568176 0.0589325139919468
437.5498227724 0.0642857738702711
438.34600936 0.0635998118511761
439.1421165804 0.0599993478259504
439.9381444336 0.0622698686166719
440.7340929196 0.0573211334066249
441.5299620384 0.0581541660124642
442.32575179 0.0547656866804137
443.1214621744 0.0500622095363523
443.9170931916 0.0495793958363554
444.7126448416 0.0504722426496864
445.5081171244 0.0513552386229633
446.30351004 0.0535686754684819
447.0988235884 0.0530933432641176
447.8940577696 0.0513174536689038
448.6892125836 0.0456573764798126
449.4842880304 0.0530210289517473
450.27928411 0.053841926235932
451.0742008224 0.0571938143647585
451.8690381676 0.0554419632856955
452.6637961456 0.0574564949992176
453.4584747564 0.0557128048807983
454.253074 0.052760061039936
455.0475938764 0.0510531194399784
455.8420343856 0.0541833871263589
456.6363955276 0.0572454046325354
457.4306773024 0.0626126120657051
458.22487971 0.053832657797363
459.0190027504 0.0510082891307284
459.8130464236 0.0493863180475491
460.6070107296 0.0534855229196657
461.4008956684 0.0507481023450033
462.19470124 0.051414862682284
462.9884274444 0.050970495756461
463.7820742816 0.0483515087880755
464.5756417516 0.0425171104073312
465.3691298544 0.0400278678617543
466.16253859 0.0365145459416131
466.9558679584 0.0373244054114731
467.7491179596 0.0402497276621181
468.5422885936 0.0399898733188038
469.3353798604 0.0366092544161688
470.12839176 0.0405624807975705
470.9213242924 0.0424173712375247
471.7141774576 0.0442575690943955
472.5069512556 0.0450695777836983
473.2996456864 0.0448596288548171
474.09226075 0.0476926437211512
474.8847964464 0.0444345446992757
475.6772527756 0.0462320779377934
476.4696297376 0.0440123768495565
477.2619273324 0.0427994143680905
478.05414556 0.0415859012537767
478.8462844204 0.0364294895388607
479.6383439136 0.031317661011393
480.4303240396 0.0320945208951603
481.2222247984 0.0328521204516506
482.01404619 0.0364723341600672
482.8057882144 0.0371774612441743
483.5974508716 0.0407010367730744
484.3890341616 0.0404092942709863
485.1805380844 0.0391811783833356
485.97196264 0.0407387360010411
486.7633078284 0.0413496459842015
487.5545736496 0.0437798843547
488.3457601036 0.0443673015673778
489.1368671904 0.0413525834258861
489.92789491 0.0401660507393129
490.7188432624 0.0363363596826495
491.5097122476 0.0360850262939636
492.3005018656 0.0367109366005409
493.0912121164 0.0355906774461777
493.881843 0.034490379930328
494.6723945164 0.0316880231537216
495.4628666656 0.0331812837415917
496.2532594476 0.0321185594846322
497.0435728624 0.0352693823682176
497.83380691 0.0350484190194635
498.6239615904 0.0339966575420738
499.4140369036 0.032135388239293
500.2040328496 0.0311186158506769
500.9939494284 0.0301154682630449
501.78378664 0.0307479591395577
502.5735444844 0.0329862417911983
503.3632229616 0.035205650483339
504.1528220716 0.0326302473075784
504.9423418144 0.0300805717878535
505.73178219 0.0275564331759504
506.5211431984 0.0266295360807134
507.3104248396 0.0272740912537334
508.0996271136 0.0317866391590965
508.8887500204 0.0308600584990352
509.67779356 0.0299470170430427
510.4667577324 0.0305750386600612
511.2556425376 0.0296771686366534
512.0444479756 0.028791399653435
512.8331740464 0.0309319181645027
513.62182075 0.0315490791587105
514.4103880864 0.0314175681554279
515.1988760556 0.0312888994143777
515.9872846576 0.0341233441191697
516.7756138924 0.0317669371954664
517.56386376 0.0330999439843345
518.3520342604 0.0344163319276003
519.1401253936 0.0342588852625805
519.9281371596 0.0311912121940434
520.7160695584 0.0317574540359264
521.50392259 0.0308786942073418
522.2916962544 0.0328706303259512
523.0793905516 0.0327072691863238
523.8670054816 0.0346673100771536
524.6545410444 0.0309803192049345
525.44199724 0.0294346643273313
526.2293740684 0.0265135475438906
527.0166715296 0.0264028453339967
527.8038896236 0.0235324088324153
528.5910283504 0.0268965037978518
529.37808771 0.0247501428330641
530.1650677024 0.0233110359863329
530.9519683276 0.0212029315064342
531.7387895856 0.0218458677945067
532.5255314764 0.0204446253980114
533.312194 0.0197335508235805
534.0987771564 0.0190300027613971
534.8852809456 0.0210464570192422
535.6717053676 0.0196702236056184
536.4580504224 0.0196504319794451
537.24431611 0.0175987990981529
538.0305024304 0.0189296225213186
538.8166093836 0.0188992364500119
539.6026369696 0.0202097713373063
540.3885851884 0.0188198954012555
541.17445404 0.018771946165664
541.9602435244 0.0193860390583229
542.7459536416 0.0193215149875896
543.5315843916 0.0179236092018821
544.3171357744 0.0171941106813852
545.10260779 0.0190997260648162
545.8880004384 0.0203279217288213
546.6733137196 0.0208909079437135
547.4585476336 0.0220973959167513
548.2437021804 0.0213541585447148
549.02877736 0.021903135124994
549.8137731724 0.0211655217184908
550.5986896176 0.0223546593924343
551.3835266956 0.0241701752020474
552.1682844064 0.024706679446622
552.95296275 0.0258681516577498
553.7375617264 0.0251378557354337
554.5220813356 0.02379394966523
555.3065215776 0.024329864559871
556.0908824524 0.0236200724469235
556.87516396 0.0241548585951113
557.6593661004 0.0228357033530123
558.4434888736 0.022757137252132
559.2275322796 0.0196142937241065
560.0114963184 0.0207703738910897
560.79538099 0.0188748341102187
561.5791862944 0.0194198146729884
562.3629122316 0.0181493586039849
563.1465588016 0.0180917467772884
563.9301260044 0.0156309386503134
564.71361384 0.0143856475181672
565.4970223084 0.0143445905566289
566.2803514096 0.0154965878631026
567.0636011436 0.0178320414151551
567.8467715104 0.0195637690271516
568.62986251 0.0189216225163612
569.4128741424 0.0200530839755611
570.1958064076 0.0188253530261342
570.9786593056 0.0199532343927638
571.7614328364 0.0216635521900875
572.544127 0.0227803320103031
573.3267417964 0.0221432232969328
574.1092772256 0.0209265285788641
574.8917332876 0.0197181444052867
575.6741099824 0.0190954220525149
576.45640731 0.0173207051659631
577.2386252704 0.0161297786977374
578.0207638636 0.0172450788134901
578.8028230896 0.0166359311923871
579.5848029484 0.0154577138761045
580.36670344 0.014286424527579
581.1485245644 0.0136908367647572
581.9302663216 0.0165136671514586
582.7119287116 0.0159181093894779
583.4935117344 0.0153251418808768
584.27501539 0.0141665910027007
585.0564396784 0.0158415853565799
585.8377845996 0.0175127429310518
586.6190501536 0.0163604313950557
587.4002363404 0.0163381444938065
588.18134316 0.0151909045028051
588.9623706124 0.0146087994217771
589.7433186976 0.0140307308439684
590.5241874156 0.010651464832038
591.3049767664 0.0128799808857995
592.08568675 0.015105376602469
592.8663173664 0.0145335992150436
593.6468686156 0.012847169236999
594.4273404976 0.0100475754889514
595.2077330124 0.0100405460915776
595.98804616 0.0100332141038411
596.7682799404 0.0111410227408432
597.5484343536 0.012246635738204
598.3285093996 0.0105684111963892
599.1085050784 0.0116714306497602
599.88842139 0.0099958092237902
600.6682583344 0.00943159984565693
601.4480159116 0.00997600354871112
602.2276941216 0.0110720419217056
603.0072929644 0.0132697953919365
603.78681244 0.0115955537517243
604.5662525484 0.0110283687144802
605.3456132896 0.0110121221587347
606.1248946636 0.0126424311229094
606.9040966704 0.014815127132393
607.68321931 0.0142396364004297
608.4622625824 0.0147580479247845
609.2412264876 0.0119998574805506
610.0201110256 0.0130633945058985
610.7989161964 0.0135781237444076
611.577642 0.0119247119438769
612.3562884364 0.0146050570677206
613.1348555056 0.0151169121116929
613.9133432076 0.0145512636044589
614.6917515424 0.0118377197948352
615.47008051 0.0107485091877899
616.2483301104 0.0123498823725892
617.0265003436 0.0128790581541142
617.8045912096 0.0144840221340143
618.5826027084 0.0128729701523636
619.36053484 0.0128755364423586
620.1383876044 0.0128821941714433
620.9161610016 0.0123556599799645
621.6938550316 0.0123672219062151
622.4714696944 0.014535670431462
623.24900499 0.0123977900131855
624.0264609184 0.0140334586562791
624.8038374796 0.0124315908529235
625.5811346736 0.00865914166060439
626.3583525004 0.0086709062071211
627.13549096 0.00868149907740885
627.9125500524 0.00651787865140605
628.6895297776 0.00652440777794061
629.4664301356 0.00598550588639577
630.2432511264 0.00544524045238561
631.01999275 0.00544822961574357
631.7966550064 0.00708588196036917
632.5732378956 0.0059981496237644
633.3497414176 0.00654598659727656
634.1261655724 0.00818528960875332
634.90251036 0.00982460069381457
635.6787757804 0.0098278134272297
636.4549618336 0.0109228938054455
637.2310685196 0.0114723254745561
638.0070958384 0.010383827258442
638.78304379 0.0114807471901768
639.5589123744 0.0103911350564707
640.3347015916 0.0109439153098057
641.1104114416 0.0109482733848767
641.8860419244 0.00930945182897233
642.66159304 0.0104088423102338
643.4370647884 0.00876979182456432
644.2124571696 0.00767794132292444
644.9877701836 0.00713387605390142
645.7630038304 0.00933496361691591
646.53815811 0.0087904052203419
647.3132330224 0.00714646639730936
648.0882285676 0.00495138944979877
648.8631447456 0.00385355118387448
649.6379815564 0.00385619568197844
650.412739 0.00275676025239885
651.1874170764 0.00110353074579349
651.9620157856 2.61488966801307E-09
652.7365351276 0.00110506003578505
653.5109751024 0.00276470211966778
654.28533571 0.000553351896146276
655.0596169504 0.000553750023772047
655.8338188236 0.00166260729308811
656.6079413296 0.00332807428209922
657.3819844684 0.00277565460314061
658.15594824 0.00222236544117767
658.9298326444 0.0044483012025898
659.7036376816 0.0044517314440999
660.4773633516 0.00557004170328706
661.2510096544 0.00278776178190803
662.02457659 2.64232024549689E-09
662.7980641584 -0.00111707645382929
663.5714723596 -0.000559085858801318
664.3448011936 2.64995888654599E-09
665.1180506604 -0.000560221881837854
665.89122076 -0.000560757237973404
666.6643114924 -0.00112264730503173
667.4373228576 -0.00224749074806838
668.2102548556 -0.00337505528396539
668.9831074864 -0.00337869751998389
669.75588075 -0.000563690410773192
670.5285746464 0.000564258917397126
671.3011891756 0.000564878905015528
672.0737243376 0.00056545543441688
672.8461801324 0.000566028882442088
673.61855656 0.00226672107432719
674.3908536204 0.00340420019682599
675.1630713136 0.0045441226497345
675.9352096396 0.00341181563141371
676.7072685984 0.00398529634082456
677.47924819 0.00399018820915801
678.2511484144 0.00456611863548936
679.0229692716 0.00571494435446938
679.7947107616 0.00743853035174067
680.5663728844 0.00744843688755083
681.33795564 0.00573675723427263
682.1094590284 0.00402118463878866
682.8808830496 0.00345121547611861
683.6522277036 0.00403189925295543
684.4234929904 0.00634465199766402
685.19467891 0.00981825261496407
685.9657854624 0.00983212151150655
686.7368126476 0.00752861053300001
687.5077604656 0.00579967715510305
688.2786289164 0.00522795623139119
689.049418 0.00581786077260568
689.8201277164 0.00757506448251819
690.5907580656 0.00875317189191968
691.3613090476 0.0099351009443401
692.1317806624 0.007023417828462
692.90217291 0.00703407229017183
693.6724857904 0.00587053813383211
694.4427193036 0.00646739929826835
695.2128734496 0.00765567950179225
695.9829482284 0.00766790674431036
696.75294364 0.00885986621805552
697.5228596844 0.00650644445501579
698.2926963616 0.00533234452285044
699.0624536716 0.00356078077065041
699.8321316144 0.00297178284191271
700.60173019 0.00535843129179164
701.3712493984 0.0059647930523119
702.1406892396 0.00418195185267261
702.9100497136 0.00299134614792188
703.6793308204 0.00239734505051176
704.44853256 0.0024018663464901
705.2176549324 -0.00120311679026445
705.9866979376 2.85334026350074E-09
706.7556615756 -0.00120720461443119
707.5245458464 -0.000604773145311782
708.29335075 -0.00121178511044909
709.0620762864 -0.00182082810481192
709.8307224556 -0.00182450184274498
710.5992892576 0.000609548378740202
711.3677766924 0.00244387303172951
712.13618476 0.00183650194261299
712.9045134604 0.00122691254751964
713.6727627936 0.00246000428566934
714.4409327596 0.00308237575274862
715.2090233584 0.00370661969472962
715.97703459 0.00247687090370016
716.7449664544 0.00372482865244857
717.5128189516 0.0037340437553654
718.2805920816 0.00187101091507384
719.0482858444 -5.91879358417732E-09
719.81590024 -0.00125280426765739
720.5834352684 -0.00188399633770299
721.3508909296 0.000629284177416546
722.1182672236 0.00252177400332912
722.8855641504 0.0018956979463734
723.65278171 0.00190031342069193
724.4199199024 0.00253931009273093
725.1869787276 0.00254439764531654
725.9539581856 0.00127496677986757
726.7208582764 0.00127823999233455
727.487679 0.00128148632695011
728.2544203564 -0.000642111246058322
729.0210823456 -1.0665162674581E-08
729.7876649676 -0.000645205006166417
730.5541682224 -0.00194123693723192
731.32059211 -0.00194600755024717
732.0869366304 -0.00129998176789929
732.8532017836 0.0013028196460565
733.6193875696 0.000652954203312546
734.3854939884 0.000654238477112559
735.15152104 0.000655148881215568
735.9174687244 3.10575280505374E-09
736.6833370416 0.000657031067433344
737.4491259916 0.00197412769176389
738.2148355744 1.09141104226738E-08
738.98046579 -0.000658662444465248
739.7460166384 -0.00131799626312938
740.5114881196 -0.00263894979747577
741.2768802336 -0.00396246706633185
742.0421929804 -0.00462605079762048
742.80742636 -0.000661496196691445
743.5725803724 4.70742494400402E-09
744.3376550176 0.00132835734690069
745.1026502956 0.00199648526656163
745.8675662064 0.00133352199318314
746.63240275 0.00200566203346814
747.3971599264 0.00335437338943044
748.1618377356 0.00471303481031312
748.9264361776 0.0054036700894032
749.6909552524 0.00406546210843221
750.45539496 0.00544043980695697
751.2197553004 0.00204831755704847
751.9840362736 0.00205539066095379
752.7482378796 0.000687037752475139
753.5123601184 -0.0013778332510297
754.27640299 -0.00345546577450875
755.0403664944 -0.0034660937949771
755.8042506316 -0.00486437434165489
756.5680554016 -0.00417745135161944
757.3317808044 -0.002790133024876
758.09542684 -0.0034952503206361
758.8589935084 -0.00630460919539701
759.6224808096 -0.0049098576362535
760.3858887436 -0.00421224585209161
761.1492173104 -0.000702978109697193
761.91246651 5.0028280287172E-09
762.6756363424 0.00211663504469504
763.4387268076 0.0021193661844604
764.2017379056 -6.69862978571084E-09
764.9646696364 -0.00283423373409839
765.727522 -0.00426279788119295
766.4902949964 -0.00142489478578668
767.2529886256 0.001428515686989
768.0156028876 0.00214832014726507
768.7781377824 0.00143710081198905
769.54059331 -0.00360783033981678
770.3029694704 -6.86368096728087E-09
771.0652662636 0.00291013795101246
771.8274836896 0.00365232780863876
772.5896217484 0.00587038223010247
773.35168044 0.00442463181900609
774.1136597644 0.00592884170633756
774.8755597216 0.0059559599740631
775.6373803116 0.00598208450474941
776.3991215344 0.00751401161711695
777.16078339 0.00830909792322389
777.9223658784 0.0106297268812579
778.6838689996 0.00686603544596456
779.4452927536 0.00229939759442574
780.2066371404 0.000770156620187662
780.96790216 -0.000774056947800873
781.7290878124 0.00233413602354394
782.4901940976 0.00156375651164804
783.2512210156 -7.44015334279421E-09
784.0121685664 -0.000789363549539309
784.77303675 -0.0047595061480826
785.5338255664 -0.00557986949424426
786.2945350156 -0.00640755079463517
787.0551650976 -0.00321911430149095
787.8157158124 0.00161694520461308
788.57618716 0.00568580113634638
789.3365791404 0.00489707830948815
790.0968917536 0.00492082690712667
790.8571249996 0.00494400335573782
791.6172788784 0.00579529950028681
792.37735339 0.00748580882490713
793.1373485344 0.00835652881341338
793.8972643116 0.00839561596342389
794.6571007216 0.00927863377550606
795.4168577644 0.00593278773886362
796.17653544 0.00170320542411986
796.9361337484 0.000855441757293988
797.6956526896 0.00257732186616681
798.4550922636 0.00172588723157865
799.2144524704 0.00260122769757326
799.97373331 -4.12611860347709E-09
800.7329347824 -0.00437732835922387
801.4920568876 -0.00527542628626739
802.2510996256 -0.00353100067937564
803.0100629964 -0.00354588445770076
803.768947 -0.00089068347896876
804.5277516364 0.00179044238730375
805.2864769056 -0.00269871030023136
806.0451228076 -0.0036137444124162
806.8036893424 -0.00272030915172421
807.56217651 -0.00364153434018898
808.3205843104 -0.00365834042625872
809.0789127436 -2.17691741212876E-09
809.8371618096 -4.37516283317494E-09
810.5953315084 -0.00278258691838275
811.35342184 -0.00279215703970111
812.1114328044 -0.00280286729043789
812.8693644016 -0.00281608691079242
813.6272166316 0.000943485588119195
814.3849894944 0.00473935563822736
815.14268299 0.00475762313778076
815.9002971184 0.00286387360483776
816.6578318796 0.00383283752599832
817.4152872736 0.000962729961567146
818.1726633004 0.00387169226033863
818.92995996 0.00583610132633735
819.6871772524 0.00488231058274935
820.4443151776 0.0048975462926926
821.2013737356 0.00393164233806105
821.9583529264 0.00296226199805266
822.71525275 0.000992804532620062
823.4720732064 0.00199586220802889
824.2288142956 0.00200362082100739
824.9854760176 0.00200914612946451
825.7420583724 0.00201425708089734
826.49856136 2.39399452913142E-09
827.2549849804 -0.00101642926793461
828.0113292336 0.00204408965570654
828.7675941196 0.003079595477362
829.5237796384 -0.00102926260930722
830.27988579 -0.00515694860537113
831.0359125744 -0.00620910793383796
831.7918599916 -0.00728054153477601
832.5477280416 -0.00732396810615516
833.3035167244 -0.00946617924831372
834.05922604 -0.00633303944888087
834.8148559884 -0.00423161697906588
835.5704065696 -0.00424235847057291
836.3258777836 -0.00532471733809754
837.0812696304 -0.00749861256117465
837.83658211 -0.00107772068695236
838.5918152224 0.00866121286983975
839.3469689676 0.0130242798392847
840.1020433456 0.0141348014726594
840.8570383564 0.0130860864283715
841.611954 0.0186306000236262
842.3667902764 0.0165408125984382
843.1215471856 0.0144141779605239
843.8762247276 0.0166888947214483
844.6308229024 0.0156020169481907
845.38534171 0.0122785574458927
846.1397811504 0.00784152611467546
846.8941412236 0.0022527732024503
847.6484219296 0.0011334273868686
848.4026232684 0.00227832497926468
849.15674524 0.00799556416432206
849.9107878444 0.00686192993368209
850.6647510816 0.00572988323846085
851.4186349516 0.00230195563292155
852.1724394544 0.00115817270737554
852.92616459 0.00233131230266797
853.6798103584 0.00585604843643242
854.4333767596 0.0082168336606927
855.1868637936 0.00940161443637808
855.9402714604 0.00588952116650721
856.69359976 0.00118343685034216
857.4468486924 -0.00357336367195269
858.2000182576 -0.00479526317430871
858.9531084556 -0.00240821945257741
859.7061192864 0.00361884303016116
860.45905075 0.00362337230295413
861.2119028464 -0.00121105847178349
861.9646755756 -0.00243435773832802
862.7173689376 0.00122538257883163
863.4699829324 0.00123317383601931
864.22251756 0.00495465441123104
864.9749728204 0.00744744661911803
865.7273487136 0.01118682232285
866.4796452396 0.0137136559996678
867.2318623984 0.0175453552928564
867.98400019 0.0176628630481159
868.7360586144 0.020313904402468
869.4880376716 0.026773798950998
870.2399373616 0.0293797410089343
870.9917576844 0.0230252443108498
871.74349864 0.0205287277378675
872.4951602284 0.0180606840368902
873.2467424496 0.0246779285841443
873.9982453036 0.0196042240631894
874.7496687904 0.0170653040176198
875.50101291 0.00789357359396355
876.2522776624 0.00658815378278862
877.0034630476 0.003963919500001
877.7545690656 0.00132813695375604
878.5055957164 0.00267483946245196
879.256543 0.00538572752015598
880.0074109164 0.0108233584004203
880.7581994656 0.0122081987526173
881.5089086476 0.00271785878397051
882.2595384624 0.00544989444542647
883.01008891 0.00684587038746126
883.7605599904 0.0137830989131612
884.5109517036 0.0152651258823684
885.2612640496 0.0125603072710435
886.0114970284 0.00980588155600307
886.76165064 0.00561508630445861
887.5117248844 0.00422088645310943
888.2617197616 -1.33778336777389E-08
889.0116352716 -0.00284175316144432
889.7614714144 0.00286133291498373
890.51122819 0.00287965358452013
891.2609055984 0.00578444664137884
892.0105036396 0.00435051124621983
892.7600223136 0.00581476060705249
893.5094616204 0.0102092452633758
894.25882156 0.0161232891445323
895.0081021324 0.0191792342403642
895.7573033376 0.019313860244122
896.5064251756 0.0194292053099128
897.2554676464 0.0255187782379626
898.00443075 0.024090684973624
898.7533144864 0.0271821553629878
899.5021188556 0.0257774433334419
900.2508438576 0.0259218676787109
900.9994894924 0.0245628946633355
901.74805576 0.0216369196832918
902.4965426604 0.0186492261931576
903.2449501936 0.0187301910742659
903.9932783596 0.0187944593552155
904.7415271584 0.0188578364171176
905.48969659 0.0142055911430261
906.2377866544 0.0142902248237912
906.9857973516 0.0127911591805763
907.7337286816 0.00966022219786232
908.4815806444 0.00647863684895914
909.22935324 0.00488296081391526
909.9770464684 0.004902990698402
910.7246603296 0.00984382157464594
911.4721948236 0.0131862413553375
912.2196499504 0.00994865462005066
912.96702571 0.00834918575112923
913.7143221024 0.00336486266024129
914.4615391276 0.0067759793470252
915.2086767856 0.0119244588431831
915.9557350764 0.0154015984869105
916.702714 0.0206168714835592
917.4496135564 0.01724976612625
918.1964337456 0.0156019377577204
918.9431745676 0.00872073662878178
919.6898360224 0.00702003566870075
920.43641811 0.0141142136863265
921.1829208304 0.0159388376301263
921.9293441836 0.0195188807001354
922.6756881696 0.0159810490756153
923.4219527884 0.00888038049854065
924.16813804 0.00888596086755236
924.9142439244 0.00178049667464241
925.6602704416 0.00357082365773798
926.4062175916 0.00536920484147587
927.1520853744 0.00896399383516895
927.89787379 0.00538316418206342
928.6435828384 0.00538480948858091
929.3892125196 0.0071842759575158
930.1347628336 0.00719607843314565
930.8802337804 -2.13629116483698E-08
931.62562536 0.00181349115151768
932.3709375724 -0.00182438840296576
933.1161704176 0.00367191147486561
933.8613238956 0.00369438566129594
934.6063980064 0.00929049816916447
935.35139275 0.0112122110913
936.0963081264 0.00564012243618465
936.8411441356 -0.00378694315759927
937.5859007776 -0.00381890226128751
938.3305780524 -0.00192788572644721
939.07517596 0.00779228954691244
939.8196945004 0.0078729667179492
940.5641336736 0.0119263623963808
941.3084934796 0.0120343032185566
942.0527739184 0.0141637953894649
942.79697499 0.0142890944561341
943.5410966944 0.0103017354212695
944.2851390316 0.0187263745025141
945.0291020016 0.0294321794297705
945.7729856044 0.0254949920868669
946.51678984 0.0193108533275028
947.2605147084 0.0129879258316633
948.0041602096 0.0130976882236143
948.7477263436 0.0110058885615667
949.4912131104 0.0110983017609721
950 0.0104238200369798
950.1 0.0103988904747109
950.2 0.00976134089826091
950.3 0.00188135137069272
950.4 0.0018460332482379
950.5 0.00149030806058867
950.6 0.000885544714525691
950.7 0.000151867297022456
950.8 -0.000554796631524291
950.9 -0.00106144189456343
951 -0.00120031374818808
951.4546673696 -0.00230029742414304
953.0678593429 -0.00114480848716977
954.68092721 -0.000759933407827863
956.2938709709 -0.00340509559104429
957.9066906256 -0.0120640723261574
959.5193861741 -0.00864306670602141
961.1319576164 -0.0101160108997648
962.7444049525 -0.0048564265622983
964.3567281824 -0.00707839472155968
965.9689273061 -0.00222952859531513
967.5810023236 -0.00407807389584926
969.1929532349 0.00258952232314811
970.80478004 0.00627570218420987
972.4164827389 0.00478894147576772
974.0280613316 0.00918940544808857
975.6395158181 0.0154018118935044
977.2508461984 0.0175575220024509
978.8620524725 0.0164164581140491
980.4731346404 0.0123710831455033
982.0840927021 0.0134229460868252
983.6949266576 0.00940008756400216
985.3056365069 0.00900603299229369
986.91622225 0.0104066769634056
988.5266838869 0.00750737912779751
990.1370214176 0.00391730706162312
991.7472348421 0.00177321727294809
993.3573241604 0.00141252100180357
994.9672893725 0.0021092618875126
996.5771304784 0.00244947378085141
998.1868474781 0.00417877817008262
999.7964403716 0.0041595319266398
1001.4059091589 0.00517583410618
1003.01525384 0.00858731060210427
1004.6244744149 -0.00034190499785637
1006.2335708836 -0.00136092489261649
1007.8425432461 0.00744719467525872
1009.4513915024 0.00538928171410063
1011.0601156525 0.00402167715181661
1012.6687156964 0.00166719393947784
1014.2771916341 0.00663459477855264
1015.8855434656 0.00396128851619191
1017.4937711909 0.00394147078484756
1019.10187481 0.00588283524164367
1020.7098543229 0.00552727467516874
1022.3177097296 0.00711591221387339
1023.9254410301 0.0070771849527939
1025.5330482244 0.0057583580178238
1027.1405313125 0.00795235923004549
1028.7478902944 0.00885740165129562
1030.3551251701 0.00629160616860536
1031.9622359396 8.65808781587316E-08
1033.5692226029 0.00279904642895502
1035.17608516 0.00432828042459086
1036.7828236109 0.00245876868472087
1038.3894379556 0.00183344465023937
1039.9959281941 0.000303870692398008
1041.6022943264 0.00181288984092891
1043.2085363525 0.000600938511787628
1044.8146542724 0.00029895059496777
1046.4206480861 -0.00148759708522825
1048.0265177936 0.00207346012569088
1049.6322633949 0.00560558905018913
1051.23788489 0.00411531448696876
1052.8433822789 0.00556708535506612
1054.4487555616 0.00262996047699541
1056.0540047381 0.0075810007958706
1057.6591298084 0.00960493902608966
1059.2641307725 0.0110447597923737
1060.8690076304 0.00813146114141136
1062.4737603821 0.00812707909262448
1064.0783890276 0.00928406575248237
1065.6828935669 0.0113108510523629
1067.287274 0.00927872648386988
1068.8915303269 0.00927633616760385
1070.4956625476 0.00782408751930844
1072.0996706621 0.014771167062887
1073.7035546704 0.0101320844436816
1075.3073145725 0.00694509386419125
1076.9109503684 0.00549568068032346
1078.5144620581 0.00896217715253817
1080.1178496416 0.0106875596522797
1081.7211131189 0.00750429400432946
1083.32425249 0.00749846761760829
1084.9272677549 0.00922049312440937
1086.5301589136 0.00834896010206892
1088.1329259661 0.00776736886494954
1089.7355689124 0.00488643006076274
1091.3380877525 0.00861417655254602
1092.9404824864 0.0114731956941364
1094.5427531141 0.0100280696849041
1096.1448996356 0.00772681754075181
1097.7469220509 0.00600295867015246
1099.34882036 0.0119895016895982
1100.9505945629 0.00940547831286279
1102.5522446596 0.0113819868100834
1104.1537706501 0.00937546752489212
1105.7551725344 0.00992883991461884
1107.3564503125 0.00793014402800661
1108.9576039844 0.00452397996688384
1110.5586335501 0.00564479588876102
1112.1595390096 0.0076078945086461
1113.7603203629 0.00703411540352851
1115.36097761 0.00646234635101767
1116.9615107509 0.00448815981023055
1118.5619197856 0.00587996901505402
1120.1622047141 -0.000838266308649347
1121.7623655364 0.00223104540859193
1123.3624022525 -0.000834716275477102
1124.9623148624 0.0019432944181153
1126.5621033661 0.00332263030750878
1128.1617677636 0.00662605352045547
1129.7613080549 0.00742846199094747
1131.36072424 0.00904490114816549
1132.9600163189 0.0098287000065102
1134.5591842916 0.00870075797883214
1136.1582281581 0.00839317547740736
1137.7571479184 0.0118619646580415
1139.3559435725 0.0102001148281914
1140.9546151204 0.0104221957026401
1142.5531625621 0.0111743192901915
1144.1515858976 0.00900667051615823
1145.7498851269 0.00659196395767533
1147.34806025 0.00183734628055303
1148.9461112669 -0.000261255956381678
1150.5440381776 0.000780253520024861
1152.1418409821 0.000517850531385648
1153.7395196804 -0.000773241429226839
1155.3370742725 -0.00205258833504551
1156.9345047584 -0.00280879627074813
1158.5318111381 -0.00228734176256473
1160.1289934116 -0.00455402372281254
1161.7260515789 -0.00554066378993849
1163.32298564 -0.00225667674550147
1164.9197955949 -0.000748999570153248
1166.5164814436 0.00298424464681227
1168.1130431861 0.00247684682429144
1169.7094808224 0.00789379143491336
1171.3057943525 0.0051609271986007
1172.9019837764 0.00612200421811838
1174.4980490941 0.007077246465938
1176.0939903056 0.00729472951634285
1177.6898074109 0.00848036989423831
1179.28550041 0.0106251174448133
1180.8810693029 0.00553663356043763
1182.4765140896 0.00695899519811304
1184.0718347701 0.00454562843302981
1185.6670313444 0.00429269908133809
1187.2621038125 -0.00451746326215629
1188.8570521744 -0.000948128053944385
1190.4518764301 0.00141808545987981
1192.0465765796 -0.000471309955630631
1193.6411526229 -0.00211524849588558
1195.23560456 -0.00351544755720755
1196.8299323909 -0.00350532914504477
1198.4241361156 -0.00256310913187686
1200.0182157341 -0.00209149357613448
1201.6121712464 -0.000463576587108321
1203.2060026525 -0.00161878193695624
1204.7997099524 0.000922605563906975
1206.3932931461 0.000920187496593166
1207.9867522336 -0.00321288497233811
1209.5800872149 -0.000915800164239551
1211.17329809 0.00388313457766498
1212.7663848589 0.00319106543808175
1214.3593475216 0.00318429440035931
1215.9521860781 0.00249654473533702
1217.5449005284 0.00294495054352586
1219.1374908725 0.001808741624337
1220.7299571104 0.00203151752562633
1222.3222992421 0.00180342330598001
1223.9145172676 0.00180133805573101
1225.5066111869 0.00359859075603214
1227.098581 0.00314580735301408
1228.6904267069 -0.00134715521602802
1230.2821483076 -0.00157118595691849
1231.8737458021 -0.00583423849397091
1233.4652191904 -0.0026923318796134
1235.0565684725 -0.00762605470777387
1236.6477936484 -0.00672908881018815
1238.2388947181 -0.00672960161194695
1239.8298716816 -0.00605821201514011
1241.4207245389 -0.00650826969883234
1243.01145329 -0.00628434623265118
1244.6020579349 -0.00516308907934239
1246.1925384736 -0.00291847338910485
1247.7828949061 -0.0017958320479814
1249.3731272324 0.00134718402884185
1250.9632354525 -0.00246999227502325
1252.5532195664 0.0033687309513273
1254.1430795741 0.00426734106499862
1255.7328154756 0.00561526913098711
1257.3224272709 0.00449190037809935
1258.91191496 0.00539027779636533
1260.5012785429 0.00404310481165808
1262.0905180196 0.00583941456505477
1263.6796333901 0.00359339940561203
1265.2686246544 0.00583911120722641
1266.8574918125 0.00673721916261873
1268.4462348644 0.00718534133110419
1270.0348538101 0.00516391630989234
1271.6233486496 0.00359072336442084
1273.2117193829 0.00358888673439843
1274.79996601 0.00425905655337591
1276.3880885309 0.00224033904619281
1277.9760869456 0.00425389715532748
1279.5639612541 0.00313266311610371
1281.1517114564 0.00201208862839088
1282.7393375525 0.0015637007529406
1284.3268395424 0.00379451122573708
1285.9142174261 0.00223015483406175
1287.5014712036 0.00155955023072031
1289.0886008749 0.000667884632007184
1290.67560644 -0.00155688737152078
1292.2624878989 0.000889142120986455
1293.8492452516 0.00222150723912665
1295.4358784981 0.000666087155630405
1297.0223876384 -0.000665713787815418
1298.6087726725 0.000443569181336757
1300.1950336004 0.00132953007677555
1301.7811704221 -0.00110701381843922
1303.3671831376 -0.00110608561414817
1304.9530717469 0.000663166168546852
1306.53883625 -0.000883536020280208
1308.1244766469 0.00286870840525373
1309.7099929376 0.000661135182482701
1311.2953851221 0.00198073288168674
1312.8806532004 0.00285664889769923
1314.4657971725 0.00351055652572597
1316.0508170384 0.00350535701634805
1317.6357127981 0.00131243427575943
1319.2204844516 0.00131029111731357
1320.8051319989 0.00196262538767495
1322.38965544 -1.02361938029195E-07
1323.9740547749 0.00304304002093232
1325.5583300036 -0.00260422705722796
1327.1424811261 0.000216599818323987
1328.7265081424 -0.00346192430500049
1330.3104110525 -0.00302523365684678
1331.8941898564 -0.00517897208547254
1333.4778445541 -0.00495706094320825
1335.0613751456 -0.00452080913965784
1336.6447816309 -0.00473190313449426
1338.22806401 -0.00365417531485894
1339.8112222829 -0.00279478117330661
1341.3942564496 -0.00322756525456331
1342.9771665101 -8.21797683378401E-08
1344.5599524644 -0.00410893393930251
1346.1426143125 -0.00130298748148576
1347.7251520544 -0.000436649423795369
1349.3075656901 -0.00109967853485537
1350.8898552196 0.00243977300417932
1352.4720206429 0.00111928566858481
1354.05406196 0.000678009894002055
1355.6359791709 0.00136901650201521
1357.2177722756 0.00230265722408777
1358.7994412741 0.00185785833610004
1360.3809861664 0.00233746937439555
1361.9624069525 0.00422479528500546
1363.5437036324 0.00517429550013399
1365.1248762061 0.00517296419707168
1366.7059246736 0.0100871494199553
1368.2868490349 0.00818415322554663
1369.86764929 0.0065247009081957
1371.4483254389 0.00742944199991611
1373.0288774816 0.00994346662134026
1374.6093054181 0.00645136527954722
1376.1896092484 0.00482076057088527
1377.7697889725 0.00526458525833763
1379.3498445904 0.00457031885697497
1380.9297761021 0.00387827681144614
1382.5095835076 0.00364412018291354
1384.0892668069 0.00136350251139907
1385.668826 0.00158599407642264
1387.2482610869 0.00451751633586055
1388.8275720676 0.00495046137591538
1390.4067589421 0.00336294298490944
1391.9858217104 0.00714405406015004
1393.5647603725 0.00822499527392479
1395.1435749284 0.00840544737070345
1396.7222653781 0.0116642120903445
1398.3008317216 0.00986051291434404
1399.8792739589 0.00741802546133447
1401.45759209 0.00955917398991333
1403.0357861149 0.00887351556852793
1404.6138560336 0.00861344173416638
1406.1918018461 0.00835850180866808
1407.7696235524 0.00554259228518563
1409.3473211525 0.00550997938832155
1410.9248946464 0.00716269514511103
1412.5023440341 0.00586737370007484
1414.0796693156 0.00562674673603507
1415.6568704909 0.00870528432857032
1417.23394756 0.00556912904820365
1418.8109005229 0.00492816856919167
1420.3877293796 0.00408834075233965
1421.9644341301 0.00814754720249773
1423.5410147744 0.0083208953568426
1425.1174713125 0.00950806786637221
1426.6938037444 0.00827193346186504
1428.2700120701 0.0060387600348124
1429.8460962896 0.00522192636694054
1431.4220564029 0.00340871322654518
1432.99789241 0.00300321346556116
1434.5736043109 0.00879806704486149
1436.1491921056 0.00439256855372809
1437.7246557941 0.00558387553497623
1439.2999953764 0.00219051096323317
1440.8752108525 0.00119344699235419
1442.4503022224 0.0029797670418067
1444.0252694861 0.00158759484014771
1445.6001126436 0.00237756350907203
1447.1748316949 0.00375961582999154
1448.74942664 0.00395138550014795
1450.3238974789 0.00217027697114117
1451.8982442116 -0.00078797531785943
1453.4724668381 0.00157421554467084
1455.0465653584 0.00117945889979822
1456.6205397725 0.000785716639130447
1458.1943900804 0.000196304987596384
1459.7681162821 -0.0011774008818498
1461.3417183776 -0.000392329775575117
1462.9151963669 -0.00176598792743003
1464.48855025 -0.00176613046004311
1466.0617800269 -0.00255215203561202
1467.6348856976 -0.00392745862084987
1469.2078672621 -0.00392946292162025
1470.7807247204 -0.0049115887118077
1472.3534580725 -0.00491127122742171
1473.9260673184 -0.00530288294733353
1475.4985524581 -0.00530225962817641
1477.0709134916 -0.00647783845259282
1478.6431504189 -0.00608246144551777
1480.21526324 -0.00509696530647434
1481.7872519549 -0.00568084411338176
1483.3591165636 -0.00489261286529756
1484.9308570661 -0.00176030480296642
1486.5024734624 -0.00390929805114782
1488.0739657525 -8.13688833135897E-08
1489.6453339364 -0.00156244125174463
1491.2165780141 -0.00117138051038524
1492.7876979856 -0.000390243092172179
1494.3586938509 0.000194860849977332
1495.92956561 0.000584406226032505
1497.5003132629 0.000973753006605183
1499.0709368096 0.00175200956170184
1500.6414362501 0.00253011158984156
1502.2118115844 0.00155643145206929
1503.7820628125 0.00466919848167501
1505.3521899344 0.00233510976672609
1506.9221929501 0.00369889273631969
1508.4920718596 0.00506401772630903
1510.0618266629 0.0035089785556892
1511.63145736 0.00487796772687351
1513.2009639509 0.00566500984535283
1514.7703464356 0.00723626702426465
1516.3396048141 0.00587694095075831
1517.9087390864 0.0049049710031028
1519.4777492525 0.00511078902855605
1521.0466353124 0.00492217122451771
1522.6153972661 0.00394438935916477
1524.1840351136 0.00375259948220424
1525.7525488549 0.00158356198815969
1527.32093849 0.000396550830020524
1528.8892040189 -0.00278141413060006
1530.4573454416 -0.00119393157388873
1532.0253627581 -0.00518367078013961
1533.5932559684 -0.00539078718418925
1535.1610250725 -0.002999456874241
1536.7286700704 -0.00460395772910192
1538.2961909621 -0.00541173260438291
1539.8635877476 -0.00441372171090694
1541.4308604269 -0.00522249378730661
1542.998009 -0.0044216264706411
1544.5650334669 -0.0014084225480368
1546.1319338276 0.00100691860490469
1547.6987100821 -0.00120976204166437
1549.2653622304 0.000807223416324879
1550.8318902725 0.000808229704028652
1552.3982942084 -0.00121349542403493
1553.9645740381 -0.000809931662096704
1555.5307297616 0.00121615614804794
1557.0967613789 0.000202990017315597
1558.66266889 0.00284425920170604
1560.2284522949 0.00223735544584503
1561.7941115936 0.00325690894403073
1563.3596467861 0.00163024331114995
1564.9250578724 0.00203967428996952
1566.4903448525 0.00224603583057324
1568.0555077264 0.00245196991704936
1569.6205464941 0.00245448969163638
1571.1854611556 0.00348049268312338
1572.7502517109 0.000820031765639978
1574.31491816 0.0051298126392915
1575.8794605029 -0.000410753322741133
1577.4438787396 0.002468464135063
1579.0081728701 0.000412139302880283
1580.5723428944 0.00330004769108835
1582.1363888125 0.00206562810339132
1583.7003106244 0.00206832170508385
1585.2641083301 0.00393666358993125
1586.8277819296 0.00415038030818426
1588.3913314229 0.00374207522519567
1589.95475681 0.00624803741791797
1591.5180580909 0.00229557385218978
1593.0812352656 0.00418085325071164
1594.6442883341 0.00167578092566596
1596.2072172964 0.00272800350344718
1597.7700221525 0.00168216302905006
1599.3327029024 0.00126399707700565
1600.8952595461 0.000631881543514975
1602.4576920836 -0.0037986286340297
1604.0200005149 -0.00401897780579949
1605.58218484 -0.00402661563601286
1607.1442450589 -0.00382288893180295
1608.7061811716 -0.0038302657540197
1610.2679931781 -0.0019196251489155
1611.8296810784 -0.00235139316949563
1613.3912448725 -0.00321543877772928
1614.9526845604 -0.00451402382591194
1616.5140001421 0.000647110333794517
1618.0751916176 -0.00194781590056941
1619.6362589869 0.00130331283133324
1621.19720225 0.00196254037113068
1622.7580214069 0.00131483232011125
1624.3187164576 -0.000661048293707289
1625.8792874021 -0.0017740981583234
1627.4397342404 0.00156342961574006
1629.0000569725 0.00270389155647586
1630.5602555984 0.00273081742152131
1632.1203301181 0.00368647069279634
1633.6802805316 -0.00116823418802706
1635.2401068389 0.00332871931326338
1636.79980904 0.00533734516169416
1638.3593871349 -0.000497088235667284
1639.9188411236 0.00127787829954227
1641.4781710061 0.00343234451549197
1643.0373767824 0.00246482045739
1644.5964584525 -0.000856646410758207
1646.1554160164 -0.000897006897987485
1647.7142494741 -0.000314825347533357
1649.2729588256 -0.00166384736856716
1650.8315440709 -0.00106051817332767
1652.39000521 -0.00188412782471474
1653.9483422429 -0.00443828203337036
1655.5065551696 0.000432740969951501
1657.0646439901 -0.00186329757857957
1658.6226087044 -0.00150467957907923
1660.1804493125 -0.00486870682099499
1661.7381658144 -0.00583043670977512
1663.2957582101 -0.00754219137814167
1664.8532264996 -0.00878721699908755
1666.4105706829 -0.00580940774083564
1667.96779076 -0.000777747411235017
1669.5248867309 -0.00249562104199774
1671.0818585956 -0.00620415524347541
1672.6387063541 -0.000942676983003654
1674.1954300064 0.000998596698771313
1675.7520295525 -0.00950471241663595
1677.3085049924 0.00667451219135323
1678.8648563261 0.00351005043723498
1680.4210835536 -0.00858166091830429
1681.9771866749 0.0128284764177847
1683.53316569 0.00936466340057941
1685.0890205989 -0.0097544209056654
1686.6447514016 -0.00867800263053422
1688.2003580981 -0.0104935214332814
1689.7558406884 -0.0139409331047938
1691.3111991725 -0.0175962946630836
1692.8664335504 -0.0131795243752038
1694.4215438221 -0.00847669279459079
1695.9765299876 -0.0156568928854627
1697.5313920469 0.00178399766677348
1699.08613 -0.0255553446266839
1700.6407438469 -0.0168016737686868
1702.1952335876 0.00952059507174569
1703.7495992221 -0.0330084982565684
1705.3038407504 -0.0197561430302153
1706.8579581725 -0.0341680369329389
1708.4119514884 -0.0244883946416362
1709.9658206981 0.182821716040419
1711.5195658016 -0.511818279602904
1713.0731867989 0.093650135772251
1714.62668369 -0.214345577913201
1716.1800564749 -0.214345577913201
