293.753818 0
294.5642113164 0
295.3745252656 0
296.1847598476 0
296.9949150624 2.6445249389443
297.80499091 2.20032016391536
298.6149873904 2.12876009115098
299.4249045036 2.28211654947047
300.2347422496 2.25649208948847
301.0445006284 2.15329909894675
301.85417964 2.01400838505862
302.6637792844 1.87138922716845
303.4732995616 1.77559949361221
304.2827404716 1.75395909766045
305.0921020144 1.70009874136235
305.90138419 1.65520489973627
306.7105869984 1.67613862778333
307.5197104396 1.5928998864939
308.3287545136 1.54850770729794
309.1377192204 1.47943986429378
309.94660456 1.37731446658112
310.7554105324 1.36621408550029
311.5641371376 1.30369704371132
312.3727843756 1.16182841764602
313.1813522464 1.10739697361844
313.98984075 1.1328742521296
314.7982498864 1.10175535499134
315.6065796556 1.04668871602189
316.4148300576 1.02291757762131
317.2230010924 0.929499008129865
318.03109276 0.883448258994208
318.8391050604 0.932448895192602
319.6470379936 0.978522556424603
320.4548915596 1.04577569015807
321.2626657584 1.17153087226442
322.07036059 1.17938434418067
322.8779760544 1.1926392058922
323.6855121516 1.17870067783085
324.4929688816 1.25896912346617
325.3003462444 1.25858869520671
326.10764424 1.29146436559788
326.9148628684 1.32905896744602
327.7220021296 1.29790457852527
328.5290620236 1.24417227248628
329.3360425504 1.19294665536911
330.14294371 1.11043693950971
330.9497655024 1.09232024241287
331.7565079276 1.03458778957763
332.5631709856 1.08014166399988
333.3697546764 1.10980550970036
334.176259 1.19068813338875
334.9826839564 1.26820611785806
335.7890295456 1.2836144833793
336.5952957676 1.34023773720809
337.4014826224 1.54803493797517
338.20759011 1.76402762431298
339.0136182304 1.97403368360805
339.8195669836 2.12730910562682
340.6254363696 2.36482236253067
341.4312263884 2.5893310704225
342.23693704 2.78025487918634
343.0425683244 3.03428775383146
343.8481202416 3.28286311451895
344.6535927916 3.64156858831381
345.4589859744 3.96725371398979
346.26429979 4.21666790321975
347.0695342384 4.42630358715905
347.8746893196 4.73947559275631
348.6797650336 5.13868821066755
349.4847613804 5.50628918011079
350.28967836 5.89999859510185
351.0945159724 6.33941956821539
351.8992742176 6.85067022906083
352.7039530956 7.49397235436784
353.5085526064 8.34348036906482
354.31307275 9.50844083463657
355.1175135264 11.0136707900853
355.9218749356 13.0960692030818
356.7261569776 15.7857506409508
357.5303596524 19.2358946790229
358.33448296 23.7096930032587
359.1385269004 29.5955638729316
359.9424914736 36.8839663109291
360.7463766796 45.2768231102417
361.5501825184 54.9360823448313
362.35390899 65.843086144558
363.1575560944 77.3693454589346
363.9611238316 89.2959046403848
364.7646122016 101.954272061181
365.5680212044 113.886941156785
366.37135084 124.173199581274
367.1746011084 132.465808725558
367.9777720096 139.776893869028
368.7808635436 143.955124782012
369.5838757104 145.763947728112
370.38680851 145.424033016715
371.1896619424 143.185099752144
371.9924360076 138.826565081358
372.7951307056 132.99228731408
373.5977460364 126.427596228552
374.400282 118.804573123212
375.2027385964 110.386817375901
376.0051158256 102.046301254903
376.8074136876 94.5942314499709
377.6096321824 87.7944196781763
378.41177131 80.9251348853651
379.2138310704 74.1319184945855
380.0158114636 67.2185855290157
380.8177124896 60.7367541445911
381.6195341484 54.4451703622331
382.42127644 48.7365533067655
383.2229393644 43.618599696275
384.0245229216 38.8852115408124
384.8260271116 34.609449487728
385.6274519344 30.739355044267
386.42879739 27.3246666337952
387.2300634784 24.3422751122335
388.0312501996 21.5176985334263
388.8323575536 19.0798486018586
389.6333855404 17.1132763022659
390.43433416 15.3257962979674
391.2352034124 13.6976809055098
392.0359932976 12.1729595571489
392.8367038156 10.7639740525608
393.6373349664 9.42095380551055
394.43788675 8.21966300032677
395.2383591664 7.21236242617398
396.0387522156 6.4128618174009
396.8390658976 5.72738745142827
397.6393002124 5.15856739925324
398.43945516 4.57768064368986
399.2395307404 4.04523215368425
400.0395269536 3.60774088848041
400.8394437996 3.20246192955793
401.6392812784 2.84544097241937
402.43903939 2.53985604578982
403.2387181344 2.27597780898554
404.0383175116 2.03854443220811
404.8378375216 1.85171293471865
405.6372781644 1.68133735981755
406.43663944 1.52346843524533
407.2359213484 1.39209414982321
408.0351238896 1.2816944562153
408.8342470636 1.1774413829908
409.6332908704 1.09492628841931
410.43225531 1.01737247338554
411.2311403824 0.951291742086158
412.0299460876 0.878600108958574
412.8286724256 0.827732961173001
413.6273193964 0.772199221078799
414.425887 0.726779513484101
415.2243752364 0.693114395459706
416.0227841056 0.660643409851492
416.8211136076 0.619088013990482
417.6193637424 0.582700052444517
418.41753451 0.555382644061957
419.2156259104 0.536586765970063
420.0136379436 0.520275380992084
420.8115706096 0.513821078072774
421.6094239084 0.490728503185816
422.40719784 0.471913551602596
423.2048924044 0.459000052095242
424.0025076016 0.444719181877039
424.8000434316 0.437808593809733
425.5974998944 0.427591352158963
426.39487699 0.419387864823776
427.1921747184 0.409561617532237
427.9893930796 0.394698755199947
428.7865320736 0.376922780384516
429.5835917004 0.366200078447955
430.38057196 0.373739201856771
431.1774728524 0.374617359259798
431.9742943776 0.373909539749569
432.7710365356 0.368302274879107
433.5676993264 0.358052217342509
434.36428275 0.360434755595893
435.1607868064 0.359608777341685
435.9572114956 0.358863400921644
436.7535568176 0.361142760471269
437.5498227724 0.3617867251197
438.34600936 0.357926281433453
439.1421165804 0.345355017661547
439.9381444336 0.341753231162995
440.7340929196 0.341053593604822
441.5299620384 0.340407439352614
442.32575179 0.335608252943199
443.1214621744 0.330959672463199
443.9170931916 0.330522083211487
444.7126448416 0.327380401650355
445.5081171244 0.324341862662238
446.30351004 0.325422596740793
447.0988235884 0.325189549523885
447.8940577696 0.323687524596969
448.6892125836 0.315681112749808
449.4842880304 0.314239814492991
450.27928411 0.310225456657371
451.0742008224 0.313923747235896
451.8690381676 0.311224336187622
452.6637961456 0.311007815391997
453.4584747564 0.307032850718229
454.253074 0.30305704572223
455.0475938764 0.302665421698759
455.8420343856 0.303420273933991
456.6363955276 0.302916911165532
457.4306773024 0.307149430391839
458.22487971 0.299583688908845
459.0190027504 0.29792792533941
459.8130464236 0.290568697452767
460.6070107296 0.290180878707775
461.4008956684 0.285310699059174
462.19470124 0.290599012055255
462.9884274444 0.291411412153607
463.7820742816 0.287904473985386
464.5756417516 0.285620989249358
465.3691298544 0.284515595795724
466.16253859 0.283517790347948
466.9558679584 0.284724872343643
467.7491179596 0.28068211724277
468.5422885936 0.283079277750275
469.3353798604 0.278223450964158
470.12839176 0.280810295529566
470.9213242924 0.277258124228583
471.7141774576 0.278918899581562
472.5069512556 0.277580962594696
473.2996456864 0.274248904785984
474.09226075 0.269913779612689
474.8847964464 0.263571527091561
475.6772527756 0.26030077783683
476.4696297376 0.262067604104853
477.2619273324 0.260771712094446
478.05414556 0.265351245884164
478.8462844204 0.262876614379936
479.6383439136 0.258364315980852
480.4303240396 0.256749874967139
481.2222247984 0.260877912302591
482.01404619 0.262018323654671
482.8057882144 0.265954992724592
483.5974508716 0.269755723644608
484.3890341616 0.266882437003538
485.1805380844 0.265865406865907
485.97196264 0.26664663388043
486.7633078284 0.262793237688385
487.5545736496 0.261760534737124
488.3457601036 0.262575169656699
489.1368671904 0.261593111691477
489.92789491 0.257055984943081
490.7188432624 0.253461591867569
491.5097122476 0.249068216220366
492.3005018656 0.248229399663817
493.0912121164 0.250864190050744
493.881843 0.248324081845107
494.6723945164 0.245789616783247
495.4628666656 0.245875174756883
496.2532594476 0.243418291367232
497.0435728624 0.241840771734021
497.83380691 0.239491212116098
498.6239615904 0.240457720152491
499.4140369036 0.238948968350899
500.2040328496 0.237477688366429
500.9939494284 0.235219785952168
501.78378664 0.233839941679768
502.5735444844 0.235724541971987
503.3632229616 0.232831203884161
504.1528220716 0.231588940886556
504.9423418144 0.230347547413939
505.73178219 0.228318407254416
506.5211431984 0.225561614384661
507.3104248396 0.219745377378927
508.0996271136 0.220174826421694
508.8887500204 0.221414996605532
509.67779356 0.220373407887414
510.4667577324 0.220134361001499
511.2556425376 0.216865824927727
512.0444479756 0.215929708293759
512.8331740464 0.215008864132654
513.62182075 0.213326289859654
514.4103880864 0.212437048235046
515.1988760556 0.21231195734144
515.9872846576 0.215119769293387
516.7756138924 0.213497724860812
517.56386376 0.210363061232507
518.3520342604 0.209421658734279
519.1401253936 0.206276984292156
519.9281371596 0.203825714256602
520.7160695584 0.205696340559642
521.50392259 0.205373823220498
522.2916962544 0.205793340031542
523.0793905516 0.204059605673887
523.8670054816 0.200216362163729
524.6545410444 0.196438399066244
525.44199724 0.194824486970387
526.2293740684 0.196055636412987
527.0166715296 0.195931833658233
527.8038896236 0.195175447211387
528.5910283504 0.195167018520908
529.37808771 0.19180869522068
530.1650677024 0.187854797280032
530.9519683276 0.187401845760855
531.7387895856 0.190463768905841
532.5255314764 0.193537222098728
533.312194 0.193247446356065
534.0987771564 0.189615278307531
534.8852809456 0.188055323202588
535.6717053676 0.185844805227984
536.4580504224 0.185657860043223
537.24431611 0.188166692268475
538.0305024304 0.187263047114368
538.8166093836 0.185612585124795
539.6026369696 0.183230507279886
540.3885851884 0.178784471766224
541.17445404 0.174977023518869
541.9602435244 0.174470047248066
542.7459536416 0.174555538414264
543.5315843916 0.17392098748778
544.3171357744 0.173259319331597
545.10260779 0.173210368716243
545.8880004384 0.169176619000087
546.6733137196 0.168428836806147
547.4585476336 0.16897595985673
548.2437021804 0.166946628917685
549.02877736 0.165557929124906
549.8137731724 0.162265105769771
550.5986896176 0.160311037298988
551.3835266956 0.160282694858763
552.1682844064 0.157739050845105
552.95296275 0.157098144319386
553.7375617264 0.155851179422788
554.5220813356 0.154657150641285
555.3065215776 0.153461834067012
556.0908824524 0.151662317177473
556.87516396 0.15111931999737
557.6593661004 0.151823124395391
558.4434888736 0.153145885035704
559.2275322796 0.1520072635354
560.0114963184 0.152719811785389
560.79538099 0.150386306213543
561.5791862944 0.149286390383396
562.3629122316 0.145796552890583
563.1465588016 0.145333765246734
563.9301260044 0.142478795125141
564.71361384 0.142055029363944
565.4970223084 0.139258966397329
566.2803514096 0.138274196655539
567.0636011436 0.1373037499355
567.8467715104 0.136350647648659
568.62986251 0.133631172364881
569.4128741424 0.133881069016307
570.1958064076 0.131186500622439
570.9786593056 0.132040755409336
571.7614328364 0.129978721959662
572.544127 0.129086014183649
573.3267417964 0.127029725940463
574.1092772256 0.128463098996642
574.8917332876 0.125845700042948
575.6741099824 0.126143036638814
576.45640731 0.122974646224109
577.2386252704 0.121547066480624
578.0207638636 0.121288071465133
578.8028230896 0.119891155263406
579.5848029484 0.117934373416668
580.36670344 0.117717845476639
581.1485245644 0.117510699376364
581.9302663216 0.116732343407605
582.7119287116 0.114835654572325
583.4935117344 0.112949885986565
584.27501539 0.10936410162734
585.0564396784 0.10975756523108
585.8377845996 0.109028974241006
586.6190501536 0.105494724683152
587.4002363404 0.104787660875311
588.18134316 0.102958857761283
588.9623706124 0.101698046748061
589.7433186976 0.101019607502444
590.5241874156 0.0997856971760463
591.3049767664 0.098558254216544
592.08568675 0.098463161294859
592.8663173664 0.0983797591886245
593.6468686156 0.0955144256069199
594.4273404976 0.0948922824958749
595.2077330124 0.096499226259408
595.98804616 0.0947566217545624
596.7682799404 0.0952542295962512
597.5484343536 0.0929616925204126
598.3285093996 0.0906644926931476
599.1085050784 0.088923880488792
599.88842139 0.0888502998214427
600.6682583344 0.0876570720724872
601.4480159116 0.087011626226153
602.2276941216 0.0880214350380636
603.0072929644 0.086252490943696
603.78681244 0.082824299385058
604.5662525484 0.08326308283746
605.3456132896 0.0825898240908398
606.1248946636 0.0846481877417498
606.9040966704 0.0839512879214036
607.68321931 0.0837936873594489
608.4622625824 0.0819881142555716
609.2412264876 0.0801798800230549
610.0201110256 0.0805565964830368
610.7989161964 0.0798383909184214
611.577642 0.0807617971847751
612.3562884364 0.0816791064655447
613.1348555056 0.079902699252247
613.9133432076 0.0781447491706295
614.6917515424 0.0753300376668792
615.47008051 0.0752386534914196
616.2483301104 0.0757092486635517
617.0265003436 0.0751269600323741
617.8045912096 0.0751014523278588
618.5826027084 0.0724096232895621
619.36053484 0.0708146485052637
620.1383876044 0.0687042901941381
620.9161610016 0.0687611757058896
621.6938550316 0.0693632121991998
622.4714696944 0.0694474459257057
623.24900499 0.0679175451302743
624.0264609184 0.0669280692644075
624.8038374796 0.0637787797270606
625.5811346736 0.0611545529681561
626.3583525004 0.0612376493111751
627.13549096 0.0623976129118648
627.9125500524 0.0608328569236217
628.6895297776 0.0598064159876786
629.4664301356 0.0571337890066361
630.2432511264 0.0555409040269959
631.01999275 0.0544818073759559
631.7966550064 0.0561415148159278
632.5732378956 0.0561639731569962
633.3497414176 0.0572768497513426
634.1261655724 0.0578421358294269
634.90251036 0.0573096274168708
635.6787757804 0.0573283690369542
636.4549618336 0.057344673083046
637.2310685196 0.0573611139722236
638.0070958384 0.0551977492525987
638.78304379 0.0563098289584223
639.5589123744 0.0546896899601075
640.3347015916 0.0519831547176531
641.1104114416 0.0509090531309006
641.8860419244 0.0487373236986976
642.66159304 0.0476611811214356
643.4370647884 0.0454929455661637
644.2124571696 0.0427767987908844
644.9877701836 0.0417054442422047
645.7630038304 0.0422816014685678
646.53815811 0.0439517087540641
647.3132330224 0.0406795966350935
648.0882285676 0.0385105159577636
648.8631447456 0.0385352068771938
649.6379815564 0.0391125244485662
650.412739 0.0380430278226091
651.1874170764 0.0375197880197434
651.9620157856 0.036991942772883
652.7365351276 0.0359140881612737
653.5109751024 0.0375996532482175
654.28533571 0.0354143628675793
655.0596169504 0.0348861007621725
655.8338188236 0.0343603408104543
656.6079413296 0.0360539343093378
657.3819844684 0.0338628129522296
658.15594824 0.0333353211615706
658.9298326444 0.0355861753131628
659.7036376816 0.0356136170645608
660.4773633516 0.0362050541560769
661.2510096544 0.0345680737173608
662.02457659 0.0323666274514928
662.7980641584 0.0318366121696557
663.5714723596 0.0307497751915434
664.3448011936 0.032460167087893
665.1180506604 0.0313723988674726
665.89122076 0.0308416932393027
666.6643114924 0.0291887541879651
667.4373228576 0.0264079055525451
668.2102548556 0.0253128353979989
668.9831074864 0.0253401160854477
669.75588075 0.0253661031910597
670.5285746464 0.0259557752830734
671.3011891756 0.0248545461161276
672.0737243376 0.0254453098082072
672.8461801324 0.0243390717569847
673.61855656 0.0255004484093556
674.3908536204 0.027233459193306
675.1630713136 0.027832602634731
675.9352096396 0.025588441552848
676.7072685984 0.0256196391504392
677.47924819 0.024511049144336
678.2511484144 0.0268258086476976
679.0229692716 0.027431596519948
679.7947107616 0.0280374106642073
680.5663728844 0.0269288473732622
681.33795564 0.0252416150296845
682.1094590284 0.0229780980744616
682.8808830496 0.0212824037444412
683.6522277036 0.0218873572446955
684.4234929904 0.0242249532179183
685.19467891 0.0248343242082388
685.9657854624 0.0248694082725426
686.7368126476 0.0220066451698116
687.5077604656 0.0197188419116616
688.2786289164 0.0197499885696517
689.049418 0.0191988847651868
689.8201277164 0.0215597351350171
690.5907580656 0.0227581797763325
691.3613090476 0.0245454711553855
692.1317806624 0.0204848990365078
692.90217291 0.0205159744442003
693.6724857904 0.0205468098067351
694.4427193036 0.0217538970800645
695.2128734496 0.0235558454471753
695.9829482284 0.0235934746752148
696.75294364 0.0230355755359698
697.5228596844 0.0218852306726317
698.2926963616 0.0207368112033289
699.0624536716 0.0195841853473628
699.8321316144 0.0178305901065823
700.60173019 0.0184567607879221
701.3712493984 0.0196837528188574
702.1406892396 0.0185200072251301
702.9100497136 0.0161532159401717
703.6793308204 0.0149833586749785
704.44853256 0.0150116284133462
705.2176549324 0.0138358338317529
705.9866979376 0.0138592728143096
706.7556615756 0.013279225035921
707.5245458464 0.0139097307954457
708.29335075 0.014541362510819
709.0620762864 0.0151735311364948
709.8307224556 0.0133796537819305
710.5992892576 0.0134101437052901
711.3677766924 0.0152742118729744
712.13618476 0.0140798612708807
712.9045134604 0.0128826391210444
713.6727627936 0.01230004909483
714.4409327596 0.0129459974288932
715.2090233584 0.0117376375661003
715.97703459 0.00990750414049083
716.7449664544 0.00931208118553888
717.5128189516 0.00933511896646826
718.2805920816 0.00810774842032774
719.0482858444 0.0074994769999011
719.81590024 0.00626400799059523
720.5834352684 0.00690797963301636
721.3508909296 0.00818067195685732
722.1182672236 0.0107175271997821
722.8855641504 0.0101103765795567
723.65278171 0.00950155660500778
724.4199199024 0.00952240984216729
725.1869787276 0.00890539778319934
725.9539581856 0.00892474784017206
726.7208582764 0.0102258972432205
727.487679 0.00961112697445349
728.2544203564 0.00834735345711606
729.0210823456 0.00836516262269616
729.7876649676 0.00709714660294128
730.5541682224 0.0051766027224819
731.32059211 0.00454065817408511
732.0869366304 0.0045498992513164
732.8532017836 0.00716551499665511
733.6193875696 0.00718249469636841
734.3854939884 0.00523391556566797
735.15152104 0.00393088398341719
735.9174687244 0.00393590482533095
736.6833370416 0.00394214751679145
737.4491259916 0.0046062766552301
738.2148355744 0.00526832715844291
738.98046579 0.00526939468391624
739.7460166384 0.00461303294876307
740.5114881196 0.0065974018285139
741.2768802336 0.00462288319504498
742.0421929804 0.00462605549129898
742.80742636 0.0085995398363085
743.5725803724 0.0092775336319541
744.3376550176 0.00996265257992175
745.1026502956 0.0106479009369
745.8675662064 0.00933463500657426
746.63240275 0.00935973716043747
747.3971599264 0.00805048851014253
748.1618377356 0.00942606005581743
748.9264361776 0.00743003637764312
749.6909552524 0.00880848037936921
750.45539496 0.00884069798141692
751.2197553004 0.00546216775876016
751.9840362736 0.00616615413979643
752.7482378796 0.00618332675839929
753.5123601184 0.00206675232354174
754.27640299 0.000691090864524035
755.0403664944 -0.000693221384655747
755.8042506316 0.000694911560764575
756.5680554016 -0.000696247111756954
757.3317808044 0.00139506320955848
758.09542684 0.000699048408998461
758.8589935084 -0.00140102592409839
759.6224808096 -0.000701409894371987
760.3858887436 -0.0021061196017288
761.1492173104 1.33156377375104E-08
761.91246651 0.00352147436629622
762.6756363424 0.00564435343698579
763.4387268076 0.00847745302902019
764.2017379056 0.00636559249151541
764.9646696364 0.00495990148557605
765.727522 0.0056837187338795
766.4902949964 0.00783694578214927
767.2529886256 0.0114280798371985
768.0156028876 0.0114576661965075
768.7781377824 0.0129338426606165
769.54059331 0.00865875693855643
770.3029694704 0.00942086498279794
771.0652662636 0.0130955983882602
771.8274836896 0.0131483597046949
772.5896217484 0.016143506396047
773.35168044 0.0169610252026828
774.1136597644 0.0148220647865466
774.8755597216 0.0134008804170106
775.6373803116 0.0134596604815468
776.3991215344 0.0165307963815521
777.16078339 0.0166181672316967
777.9223658784 0.0189816249702541
778.6838689996 0.0167835966435927
779.4452927536 0.0130298791744733
780.2066371404 0.0107821015128922
780.96790216 0.0100627806370956
781.7290878124 0.0124487481788975
782.4901940976 0.0140738363731127
783.2512210156 0.0109983320403949
784.0121685664 0.010261636435254
784.77303675 0.00793249209111579
785.5338255664 0.00637698427091414
786.2945350156 0.00800941763346627
787.0551650976 0.0104621005201739
787.8157158124 0.00970170950982854
788.57618716 0.0121838584781086
789.3365791404 0.0106103350480681
790.0968917536 0.0106617883948774
790.8571249996 0.00988800671053242
791.6172788784 0.01159059899963
792.37735339 0.0108128432837352
793.1373485344 0.0108634943820291
793.8972643116 0.0109143077094279
794.6571007216 0.00843513668323775
795.4168577644 0.00678034891097659
796.17653544 0.00851603518418899
796.9361337484 0.00684360697415124
797.6956526896 0.0077319798370245
798.4550922636 0.00517767191072584
799.2144524704 0.00520246155413649
799.97373331 0.00522790665658432
800.7329347824 0.00262640613572358
801.4920568876 0.00175848444955721
802.2510996256 0.00353100276930837
803.0100629964 0.00354588655644728
803.768947 0.00445342582972329
804.5277516364 0.00358088265514235
805.2864769056 0.000899580749636978
806.0451228076 0.000903445194102563
806.8036893424 0.00362707385967207
807.56217651 0.00273113943889402
808.3205843104 6.49607379007345E-09
809.0789127436 0.00367684504145012
809.8371618096 0.00646657361146705
810.5953315084 0.00556517163869573
811.35342184 0.00651502868305595
812.1114328044 0.00654001925118326
812.8693644016 0.00938692154649651
813.6272166316 0.011321911955057
814.3849894944 0.0132701962380494
815.14268299 0.0123698233141853
815.9002971184 0.00954624761195612
816.6578318796 0.0124567469165991
817.4152872736 0.00770190579945834
818.1726633004 0.00580753724512273
818.92995996 0.00583609211460378
819.6871772524 0.0048823013352319
820.4443151776 0.00587704534719955
821.2013737356 0.00393164233777977
821.9583529264 0.00296225966002575
822.71525275 0.00297839479283737
823.4720732064 0.00598756063415898
824.2288142956 0.00601083400027488
824.9854760176 0.00703197577654495
825.7420583724 0.0110783853305383
826.49856136 0.0090994627483797
827.2549849804 0.00813144617860703
828.0113292336 0.00919839619074877
828.7675941196 0.00923877914072583
829.5237796384 0.00720478952699006
830.27988579 0.00618831439527021
831.0359125744 0.00103483253788529
831.7918599916 -0.00416031120754874
832.5477280416 -0.00313884418202764
833.3035167244 -0.00736257887951268
834.05922604 -0.00422202963124544
834.8148559884 2.50448226779914E-09
835.5704065696 -0.00106059150107514
836.3258777836 -0.00425978244297983
837.0812696304 -0.00535616052505962
837.83658211 -0.00538863405252085
838.5918152224 0.00324794617574165
839.3469689676 0.00759749336157566
840.1020433456 0.0141347783048509
840.8570383564 0.0163575880266477
841.611954 0.0197265013417178
842.3667902764 0.013232641725069
843.1215471856 0.011087823143198
843.8762247276 0.0122385215673829
844.6308229024 0.0167164408884363
845.38534171 0.0156272575748691
846.1397811504 0.0134426161972924
846.8941412236 0.00563195567590593
847.6484219296 0.0034003143649957
848.4026232684 0.00113916248979534
849.15674524 0.0034266657201728
849.9107878444 0.00457461363783072
850.6647510816 0.00802184467381216
851.4186349516 0.00575491497126904
852.1724394544 0.00579091015476775
852.92616459 0.00582829869625989
853.6798103584 0.00702725535063938
854.4333767596 0.0129121628137589
855.1868637936 0.0176280194165286
855.9402714604 0.0212022432916223
856.69359976 0.0189349391707641
857.4468486924 0.0154845702717047
858.2000182576 0.0155846053168212
858.9531084556 0.0180616587238462
859.7061192864 0.0205067362354446
860.45905075 0.0193245922311964
861.2119028464 0.0169547612563312
861.9646755756 0.0170404465309613
862.7173689376 0.0171553880172446
863.4699829324 0.0172644658207921
864.22251756 0.0161026297695646
864.9749728204 0.0148948902999061
865.7273487136 0.0161587420476152
866.4796452396 0.0162070429015205
867.2318623984 0.0137856524089375
867.98400019 0.0164012423479261
868.7360586144 0.0203139284501555
869.4880376716 0.025498869223997
870.2399373616 0.0242702341142207
870.9917576844 0.0217460739982503
871.74349864 0.0192456980124078
872.4951602284 0.0193507477315985
873.2467424496 0.0246779470346076
873.9982453036 0.0222181284434045
874.7496687904 0.0223161684650715
875.50101291 0.014471508499929
876.2522776624 0.0105410173512415
877.0034630476 0.0118916646486678
877.7545690656 0.00929675114013204
878.5055957164 0.0133740199873571
879.256543 0.0121178383038922
880.0074109164 0.0162350071689495
880.7581994656 0.0162775769251565
881.5089086476 0.0108713257429342
882.2595384624 0.0136247006278436
883.01008891 0.0123225498394158
883.7605599904 0.0192963515308563
884.5109517036 0.0208160932930527
885.2612640496 0.0195382667682502
886.0114970284 0.0182109461058475
886.76165064 0.0140377539821435
887.5117248844 0.0140696459393768
888.2617197616 0.00988783953365468
889.0116352716 0.00994608728493502
889.7614714144 0.0143067289351754
890.51122819 0.0129584973800339
891.2609055984 0.0187994695606816
892.0105036396 0.0217525493652727
892.7600223136 0.0218053978794881
893.5094616204 0.0189600565154796
894.25882156 0.0205205592845876
895.0081021324 0.0236052202393521
895.7573033376 0.0267422793942347
896.5064251756 0.0254074307660022
897.2554676464 0.0285209920415059
898.00443075 0.0286076944214662
898.7533144864 0.0302024023955832
899.5021188556 0.0257774648733194
900.2508438576 0.0243970740183181
900.9994894924 0.0260980851208992
901.74805576 0.0309098816024533
902.4965426604 0.0264197315874025
903.2449501936 0.0234127379189347
903.9932783596 0.0219268624495608
904.7415271584 0.0235722871498838
905.48969659 0.0205191838848453
906.2377866544 0.019053628086149
906.9857973516 0.0159889414047209
907.7337286816 0.0161003639766706
908.4815806444 0.0178162407895519
909.22935324 0.0195318239877953
909.9770464684 0.0179776106341776
910.7246603296 0.0262501533163765
911.4721948236 0.0313172739492338
912.2196499504 0.0331621454262912
912.96702571 0.0300570070301033
913.7143221024 0.0252362329493236
914.4615391276 0.0254098343178756
915.2086767856 0.0357732635988329
915.9557350764 0.0376482483132418
916.702714 0.0326433184934987
917.4496135564 0.0258746001800109
918.1964337456 0.0225360912725107
918.9431745676 0.0139531373109064
919.6898360224 0.0157949940336821
920.43641811 0.0123499260103381
921.1829208304 0.0159388166646381
921.9293441836 0.0266166161614274
922.6756881696 0.0213080247942042
923.4219527884 0.010656431368145
924.16813804 0.00888593982946098
924.9142439244 0.0142440619263541
925.6602704416 0.0214250053566978
926.4062175916 0.0214768575049348
927.1520853744 0.0233064043480196
927.89787379 0.0161495477792139
928.6435828384 0.0197443779572772
929.3892125196 0.0179607260420512
930.1347628336 0.00899510549601774
930.8802337804 0.0162406826877921
931.62562536 0.0181350660966156
932.3709375724 0.0182437458008176
933.1161704176 0.0146876415548407
933.8613238956 0.0129303498164953
934.6063980064 0.0185809963396583
935.35139275 0.026161806709337
936.0963081264 0.0263206040156691
936.8411441356 0.0227214034039454
937.5859007776 0.022913128744342
938.3305780524 0.0250619073488269
939.07517596 0.0233769562815839
939.8196945004 0.0255872525177906
940.5641336736 0.02186506675563
941.3084934796 0.0220629588877243
942.0527739184 0.0161872392186845
942.79697499 0.0102065222788111
943.5410966944 0
944.2851390316 0.00832283639784762
945.0291020016 0.0126137783857009
945.7729856044 0.0127474884989843
946.51678984 0.00858259470652104
947.2605147084 0.00649395522924131
948.0041602096 0.00436588229311699
948.7477263436 0.00660352792663392
949.4912131104 0.0110983070176908
950 0.0125449468403743
950.1 0.011555340076013
950.2 0.00990595011634594
950.3 0.0151323915363207
950.4 0.0114129235831246
950.5 0.00750431711494051
950.6 0.0037616477738546
950.7 0.000507505037648184
950.8 -0.00199879009287133
950.9 -0.00358426208061204
951 -0.00417561941758137
951.4546673696 -0.00306704221556927
953.0678593429 -0.00686754634265497
954.68092721 -0.0106357677884909
956.2938709709 -0.0124846403026874
957.9066906256 -0.017718913427034
959.5193861741 -0.0146554768764926
961.1319576164 -0.015735918675937
962.7444049525 -0.0112069479260378
964.3567281824 -0.0186272531269854
965.9689273061 -0.010032714121923
967.5810023236 -0.0111218736735491
969.1929532349 -0.0110987766945698
970.80478004 -0.0070143792400728
972.4164827389 -0.000368539492915276
974.0280613316 -0.00257322450944915
975.6395158181 0.00366698715288982
977.2508461984 0.00438927476994901
978.8620524725 0.00109433945289708
980.4731346404 -0.00218323737402851
982.0840927021 0.00253948185175716
983.6949266576 -0.00506165491954026
985.3056365069 -0.00756512480569814
986.91622225 -0.00322956652542924
988.5266838869 0.000714991065044787
990.1370214176 -0.00676604385747865
991.7472348421 0.000709242806865726
993.3573241604 -0.00635587052981115
994.9672893725 -0.00175761753302883
996.5771304784 -0.0045488606566811
998.1868474781 0.0017410835292887
999.7964403716 -0.00173313933718204
1001.4059091589 0.000345037145033987
1003.01525384 0.00206090886964928
1004.6244744149 -0.00376085182937948
1006.2335708836 -0.00680456729861264
1007.8425432461 -0.000338581770720283
1009.4513915024 -0.004042034116292
1011.0601156525 -0.0040217453612837
1012.6687156964 -0.00700230882043274
1014.2771916341 -7.17933288146026E-08
1015.8855434656 -0.00528189823088394
1017.4937711909 -0.00164240196005613
1019.10187481 -0.00424886816183426
1020.7098543229 -0.00585257613778706
1022.3177097296 -0.0054988225047124
1023.9254410301 -0.00675556792823042
1025.5330482244 -0.0105570078122822
1027.1405313125 -0.0101790346191303
1028.7478902944 -0.00727574547366534
1030.3551251701 -0.0100664816650374
1031.9622359396 -0.0159538929330871
1033.5692226029 -0.0102632185210356
1035.17608516 -0.0108207053176262
1036.7828236109 -0.00614689671725197
1038.3894379556 -0.00519473780407413
1039.9959281941 -0.0075953024719077
1041.6022943264 -0.00362578561659198
1043.2085363525 -0.00210345540189297
1044.8146542724 -0.00568040115945501
1046.4206480861 -0.00714058252738433
1048.0265177936 -0.00414718045406187
1049.6322633949 0.00147503569483741
1051.23788489 -0.00293955273997221
1052.8433822789 -0.00205109614715491
1054.4487555616 -0.00672116030112575
1056.0540047381 -0.00379062709784372
1057.6591298084 -0.000291166604784185
1059.2641307725 -0.00290664733344976
1060.8690076304 -0.0075508481130352
1062.4737603821 -0.00377338146055371
1064.0783890276 -0.00377178060031821
1065.6828935669 -0.00609057837252497
1067.287274 -0.0107286731362703
1068.8915303269 -0.0127551370052678
1070.4956625476 -0.0118811543263222
1072.0996706621 -0.00839934256728362
1073.7035546704 -0.0104215968416045
1075.3073145725 -0.0115751818675289
1076.9109503684 -0.0133054103936527
1078.5144620581 -0.00780582492577157
1080.1178496416 -0.00751022530890887
1081.7211131189 -0.00432942452092735
1083.32425249 -0.00230727616469136
1084.9272677549 0.000576201119015704
1086.5301589136 0.00431833693734716
1088.1329259661 0.00258903636328965
1089.7355689124 0.0011496655148306
1091.3380877525 0.000574206725595797
1092.9404824864 -8.00174862333249E-08
1094.5427531141 0.00257863450072708
1096.1448996356 0.000286180566605954
1097.7469220509 2.7245492709668E-09
1099.34882036 0.00285471551445685
1100.9505945629 0.00313522122665141
1102.5522446596 0.00569105699485178
1104.1537706501 0.00539797917837814
1105.7551725344 0.00680831372142555
1107.3564503125 0.00962934859970242
1108.9576039844 0.00791670915545992
1110.5586335501 0.00846704527850703
1112.1595390096 0.0121161336415757
1113.7603203629 0.0104103971108328
1115.36097761 0.010676800109958
1116.9615107509 0.0042076309864402
1118.5619197856 0.00252004897158686
1120.1622047141 -0.00363277154391279
1121.7623655364 -0.00139415885680846
1123.3624022525 -0.00556496236055354
1124.9623148624 -0.00666234353638397
1126.5621033661 -0.00221493900236982
1128.1617677636 0.00193272783557507
1129.7613080549 -0.00137549497508368
1131.36072424 -0.000822204684304827
1132.9600163189 -0.000819005661667561
1134.5591842916 0.00326284784464816
1136.1582281581 0.00270756532990337
1137.7571479184 0.0037743110645733
1139.3559435725 0.00134209734694386
1140.9546151204 -0.000534498554042764
1142.5531625621 -0.00212847167874909
1144.1515858976 -0.00370857957609188
1145.7498851269 -0.00580094144797706
1147.34806025 -0.00603699656756074
1148.9461112669 -0.0049644726490812
1150.5440381776 -0.00494124731661085
1152.1418409821 -0.00699033393441282
1153.7395196804 -0.00515520599632002
1155.3370742725 -0.00307891489802199
1156.9345047584 -0.00638365488452375
1158.5318111381 -0.000762449863606616
1160.1289934116 -0.00101202086597488
1161.7260515789 -0.00679986700051362
1163.32298564 -0.00576726649923998
1164.9197955949 -0.00324614496255831
1166.5164814436 -0.00348142747445022
1168.1130431861 -0.00123835784622042
1169.7094808224 2.56197063442356E-08
1171.3057943525 -0.00049147570391173
1172.9019837764 -0.000734594749070123
1174.4980490941 0.00122020681325762
1176.0939903056 3.70316617261141E-08
1177.6898074109 0.00218064078963823
1179.28550041 0.00555387696606407
1180.8810693029 0.00240714588790806
1182.4765140896 0.00215964688388265
1184.0718347701 0.0026316316954683
1185.6670313444 -0.00405407974120386
1187.2621038125 -0.00641966392125295
1188.8570521744 -0.00616322685490876
1190.4518764301 -0.00519953800623844
1192.0465765796 -0.0080121666369342
1193.6411526229 -0.00822602758771861
1195.23560456 -0.00843713992407983
1196.8299323909 -0.00607592179527206
1198.4241361156 -0.00512628126723138
1200.0182157341 -0.0060421748093527
1201.6121712464 -0.00486794963875508
1203.2060026525 -0.0043939198554901
1204.7997099524 -0.00299859909084148
1206.3932931461 -0.00115034708046351
1207.9867522336 -0.00504889095754935
1209.5800872149 -0.00228958037693104
1211.17329809 -0.00319790938843724
1212.7663848589 -0.00319107723902064
1214.3593475216 -0.00727832764670892
1215.9521860781 -0.00590089340799338
1217.5449005284 -0.00543680153371313
1219.1374908725 -0.00746096610287787
1220.7299571104 -0.0040630467982026
1222.3222992421 -0.00450848360948585
1223.9145172676 -0.0063045009356544
1225.5066111869 -0.00494796187913121
1227.098581 -0.00314568210613174
1228.6904267069 -0.00404167039769866
1230.2821483076 -0.00404020087245369
1231.8737458021 -0.00493652517521812
1233.4652191904 -0.00381403955837561
1235.0565684725 -0.00717736631818961
1236.6477936484 -0.00471026352315694
1238.2388947181 -0.00628086850064561
1239.8298716816 -0.00471183198976163
1241.4207245389 -0.00538604375244726
1243.01145329 -0.00291761486553837
1244.6020579349 -0.00448960568089867
1246.1925384736 -0.00314298470752135
1247.7828949061 -0.00336735185875648
1249.3731272324 -0.00224515139895554
1250.9632354525 -0.00404192813956996
1252.5532195664 -0.00224583169835379
1254.1430795741 -0.00157221612445358
1255.7328154756 -0.00112310862928416
1257.3224272709 -0.00202139511779303
1258.91191496 -0.0026951969863741
1260.5012785429 -0.00404314937679442
1262.0905180196 -0.00112302505023529
1263.6796333901 -0.0017967098117916
1265.2686246544 -0.00314413511808085
1266.8574918125 -0.00112284473992019
1268.4462348644 -0.000224498880287856
1270.0348538101 -0.00022446771912145
1271.6233486496 -0.00403942791629534
1273.2117193829 -0.00157006318467113
1274.79996601 -0.00448319237257781
1276.3880885309 -0.00380845531955078
1277.9760869456 -0.00447768209249825
1279.5639612541 -0.00693656472017204
1281.1517114564 -0.0073777708273473
1282.7393375525 -0.00714860814886616
1284.3268395424 -0.00580344146973329
1285.9142174261 -0.00936664200269616
1287.5014712036 -0.00913449615743832
1289.0886008749 -0.00890505087684272
1290.67560644 -0.0102310516691015
1292.2624878989 -0.00689078513900876
1293.8492452516 -0.0048873649421718
1295.4358784981 -0.00488494747558238
1297.0223876384 -0.00732273102901309
1298.6087726725 -0.00532238475728669
1300.1950336004 -0.0066472394583343
1301.7811704221 -0.00730640189095236
1303.3671831376 -0.00774248526769116
1304.9530717469 -0.00530561936375397
1306.53883625 -0.00552173260110287
1308.1244766469 -0.00419297255670877
1309.7099929376 -0.0079347077552425
1311.2953851221 -0.00858370945113642
1312.8806532004 -0.00659260369821283
1314.4657971725 -0.00548551850765635
1316.0508170384 -0.00547741854046221
1317.6357127981 -0.0045941027502135
1319.2204844516 -0.00655221797043766
1320.8051319989 -0.00479784883030798
1322.38965544 -0.00783768798292877
1323.9740547749 -0.00760779828624998
1325.5583300036 -0.0123698520056789
1327.1424811261 -0.00910080203145202
1328.7265081424 -0.011900079658094
1330.3104110525 -0.0114522576404675
1331.8941898564 -0.0103577029553391
1333.4778445541 -0.0105604830930193
1335.0613751456 -0.00947196955128216
1336.6447816309 -0.00795801553947509
1338.22806401 -0.0075230638662388
1339.8112222829 -0.00709418250376539
1341.3942564496 -0.0062398164971766
1342.9771665101 -0.00107809228456788
1344.5599524644 -0.00627145762344303
1346.1426143125 -0.00564605049645474
1347.7251520544 -0.00611314888228115
1349.3075656901 -0.00923757816281833
1350.8898552196 -0.00754094812031021
1352.4720206429 -0.00805851241753309
1354.05406196 -0.00745762528915728
1355.6359791709 -0.00638854682099945
1357.2177722756 -0.00598675697257304
1358.7994412741 -0.00487673507828267
1360.3809861664 -0.00747973038548142
1361.9624069525 -0.00258173037928213
1363.5437036324 -0.00258709526231888
1365.1248762061 -0.00423237288913552
1366.7059246736 -0.000703773259442035
1368.2868490349 -0.00397514418587626
1369.86764929 -0.00955410045353383
1371.4483254389 -0.00812606080740254
1373.0288774816 -0.00763108885311356
1374.6093054181 -0.00921626032401556
1376.1896092484 -0.00964156396916966
1377.7697889725 -0.0061802667858473
1379.3498445904 -0.0066271046393445
1380.9297761021 -0.00593163400543059
1382.5095835076 -0.00501086475747342
1384.0892668069 -0.00613620312461686
1385.668826 -0.00385196988315242
1387.2482610869 0.000903479848748309
1388.8275720676 -0.00270026258443392
1390.4067589421 -0.000672645818704002
1391.9858217104 -0.000223307632534693
1393.5647603725 -0.00133384884594482
1395.1435749284 -0.00508756526784872
1396.7222653781 -0.00506185773413871
1398.3008317216 -0.00525898430692363
1399.8792739589 -0.00523627146534003
1401.45759209 -0.00477960275913002
1403.0357861149 -0.00562712174613888
1404.6138560336 -0.00602943518605831
1406.1918018461 -0.00342916848217643
1407.7696235524 -0.00682161613092585
1409.3473211525 -0.0052980648471319
1410.9248946464 -0.00547734937333701
1412.5023440341 -0.00565782219518901
1414.0796693156 -0.00479312616654987
1415.6568704909 -0.00538894370971231
1417.23394756 -0.00701299597692684
1418.8109005229 -0.00657093658428228
1420.3877293796 -0.00490604118915811
1421.9644341301 -0.00203695278209808
1423.5410147744 -0.00202954268735829
1425.1174713125 -4.96682216187958E-08
1426.6938037444 -0.000201798486607357
1428.2700120701 -3.20784856808366E-08
1429.8460962896 -4.52912686233554E-08
1431.4220564029 0.000400986142173025
1432.99789241 0.00280300253413085
1434.5736043109 0.00419905850601872
1436.1491921056 0.00279527372251683
1437.7246557941 0.00019937084180375
1439.2999953764 -0.00318631326358351
1440.8752108525 -0.00457513701611176
1442.4503022224 -0.00715155494687628
1444.0252694861 -0.00932728518496772
1445.6001126436 -0.00951035375499838
1447.1748316949 -0.00811285567253096
1448.74942664 -0.00790274215368542
1450.3238974789 -0.00966759815480244
1451.8982442116 -0.0100465524148804
1453.4724668381 -0.0090515509812739
1455.0465653584 -0.008059310205179
1456.6205397725 -0.00687468507323426
1458.1943900804 -0.00824403024072118
1459.7681162821 -0.00549452778109832
1461.3417183776 -0.00235388165405784
1462.9151963669 -0.00588651333209187
1464.48855025 -0.00274719820952866
1466.0617800269 -0.00490785744363378
1467.6348856976 -0.00510557278867828
1469.2078672621 -0.00569759949831382
1470.7807247204 -0.00609024974195822
1472.3534580725 -0.00569694556239136
1473.9260673184 -0.00530276872940686
1475.4985524581 -0.00353472701662139
1477.0709134916 -0.00529992573692293
1478.6431504189 -0.00608235289680363
1480.21526324 -0.0025484410064034
1481.7872519549 -0.00822734396226519
1483.3591165636 -0.00802382835753465
1484.9308570661 -0.00684551055548787
1486.5024734624 -0.00820940760504698
1488.0739657525 -0.00703424591958828
1489.6453339364 -0.00820239012309762
1491.2165780141 -0.00878476400633524
1492.7876979856 -0.00819332841839075
1494.3586938509 -0.00877243775862294
1495.92956561 -0.00779319208598892
1497.5003132629 -0.00642732500352824
1499.0709368096 -0.00428293194952034
1500.6414362501 -0.00330876448970867
1502.2118115844 -0.00466952781904536
1503.7820628125 -0.00291827698767117
1505.3521899344 -0.000778330272761448
1506.9221929501 -0.00253075721713666
1508.4920718596 -0.00136333577743473
1510.0618266629 -0.00233923731548073
1511.63145736 0.000195177657586491
1513.2009639509 -0.000585980447505045
1514.7703464356 5.62971002537644E-08
1516.3396048141 0.000195958297753679
1517.9087390864 -0.000392345737721764
1519.4777492525 6.44652068327933E-08
1521.0466353124 0.00177203263957284
1522.6153972661 -0.00138048954018768
1524.1840351136 -0.00158000591288968
1525.7525488549 -0.00178143427367543
1527.32093849 -0.0025776868788327
1528.8892040189 -0.0075495597058082
1530.4573454416 -0.00756171907338241
1532.0253627581 -0.0115635321342775
1533.5932559684 -0.0115801546918451
1535.1610250725 -0.00959811738469031
1536.7286700704 -0.00760642986009817
1538.2961909621 -0.00921990312448011
1539.8635877476 -0.00942922054059681
1541.4308604269 -0.00703022117245992
1542.998009 -0.00703434671241392
1544.5650334669 -0.00623731465519267
1546.1319338276 -0.00402772979118698
1547.6987100821 -0.00322603046617614
1549.2653622304 -0.00181626484968747
1550.8318902725 -0.00363705803279155
1552.3982942084 -0.00384282232718337
1553.9645740381 -0.00364496303949627
1555.5307297616 -0.00385105275926674
1557.0967613789 -0.00405885729010402
1558.66266889 -0.00223477379701423
1560.2284522949 -0.00284750779128879
1561.7941115936 -0.00142489648043622
1563.3596467861 -0.000815094452829588
1564.9250578724 -0.00367125258497308
1566.4903448525 -0.00183759937728819
1568.0555077264 0.0022475853123643
1569.6205464941 -0.000409019547995985
1571.1854611556 -0.00348035397370652
1572.7502517109 -0.00389467198539721
1574.31491816 -0.00471922826933015
1575.8794605029 -0.00862869437814169
1577.4438787396 -0.00761050689743565
1579.0081728701 -0.00803343817367515
1580.5723428944 -0.0074246248987356
1582.1363888125 -0.00495701103836828
1583.7003106244 -0.00475667564835084
1585.2641083301 -0.00642267048765273
1586.8277819296 -0.00415018024798755
1588.3913314229 -0.0018709208498955
1589.95475681 -0.00229089116929816
1591.5180580909 0.000834696939754167
1593.0812352656 -0.000836215665890912
1594.6442883341 -0.00104740845372655
1596.2072172964 -0.00209852467684315
1597.7700221525 -0.00273360944312901
1599.3327029024 -0.00316009238893977
1600.8952595461 -0.004423300258151
1602.4576920836 -0.00696418796503932
1604.0200005149 -0.00803796661397357
1605.58218484 -0.00847709087263516
1607.1442450589 -0.00785806802790252
1608.7061811716 -0.0110650724344242
1610.2679931781 -0.006825211607166
1611.8296810784 -0.00726782217441703
1613.3912448725 -0.0064307953653112
1614.9526845604 -0.00838315060363908
1616.5140001421 -0.00992378407426816
1618.0751916176 -0.0108204681630082
1619.6362589869 -0.00847236579815526
1621.19720225 -0.00676031278615089
1622.7580214069 -0.00810886575113988
1624.3187164576 -0.00705016147084316
1625.8792874021 -0.00665254777395446
1627.4397342404 -0.00379715470270795
1629.0000569725 -0.00360534646183026
1630.5602555984 -0.0052343097454414
1632.1203301181 -0.0032257579980371
1633.6802805316 -0.00514004071037823
1635.2401068389 -0.000475548706250488
1636.79980904 -0.000485224795834001
1638.3593871349 -0.00546845913163604
1639.9188411236 -0.00306685711335021
1641.4781710061 -0.00528048752241555
1643.0373767824 -0.00547741252348655
1644.5964584525 -0.00913723912385858
1646.1554160164 -0.00956792187775073
1647.7142494741 -0.00818526914603125
1649.2729588256 -0.0086519434762927
1650.8315440709 -0.0056559868922606
1652.39000521 -0.00942057652537583
1653.9483422429 -0.00927990019380071
1655.5065551696 -0.0103894901768917
1657.0646439901 -0.0172341784185727
1658.6226087044 -0.00902753574477624
1660.1804493125 -0.0210973773615112
1661.7381658144 -0.0157419217076739
1663.2957582101 -0.0276542392648685
1664.8532264996 -0.0243333177191694
1666.4105706829 -0.0304985289019033
1667.96779076 -0.0318863216205809
1669.5248867309 -0.0357698418665544
1671.0818585956 -0.0443147457644233
1672.6387063541 -0.0348805836222571
1674.1954300064 -0.0259612944214024
1675.7520295525 -0.0517474697781356
1677.3085049924 -0.0322594674449775
1678.8648563261 -0.045629217530701
1680.4210835536 -0.0367784924767937
1681.9771866749 -0.0551627757733064
1683.53316569 -0.0575265308774544
1685.0890205989 -0.0557394204546109
1686.6447514016 -0.0636385091408085
1688.2003580981 -0.0659597268068234
1689.7558406884 -0.077449936791259
1691.3111991725 -0.0847824972801689
1692.8664335504 -0.0708402261855096
1694.4215438221 -0.0627266802415779
1695.9765299876 -0.0678454379825073
1697.5313920469 -0.0517443471808047
1699.08613 -0.0584129410799021
1700.6407438469 -0.0616055870858856
1702.1952335876 -0.034275015094073
1703.7495992221 -0.0601916488084489
1705.3038407504 -0.0474146414022683
1706.8579581725 -0.0602960745206791
1708.4119514884 -0.0550987796249238
1709.9658206981 0.388498212004337
1711.5195658016 -0.442025658799717
1713.0731867989 0.070237560369556
1714.62668369 -0.333425472169464
1716.1800564749 -0.333425472169464
