Wavelength (nm) Irradiance (W/m^2/nm)
293.753818 0
294.5642113164 0
295.3745252656 0
296.1847598476 0
296.9949150624 54.8036928530163
297.80499091 49.9781602740362
298.6149873904 47.8224074600043
299.4249045036 46.9474501973278
300.2347422496 44.7503755427724
301.0445006284 43.5868487370496
301.85417964 41.860330259672
302.6637792844 41.0399027677379
303.4732995616 39.6061245408582
304.2827404716 38.3453025489979
305.0921020144 37.5470098671904
305.90138419 37.0994037358951
306.7105869984 35.798234876709
307.5197104396 34.9041515363351
308.3287545136 34.020789021644
309.1377192204 33.3262653776558
309.94660456 32.8785284781761
310.7554105324 31.9117443262469
311.5641371376 30.9642350508947
312.3727843756 30.1030459515889
313.1813522464 29.2335223467522
313.98984075 27.7953354647753
314.7982498864 27.319941144776
315.6065796556 26.6200583541727
316.4148300576 25.9549342784306
317.2230010924 25.5085669502049
318.03109276 25.040868246847
318.8391050604 24.5933405009077
319.6470379936 24.2526622535636
320.4548915596 23.7188941035932
321.2626657584 23.0382896398535
322.07036059 22.2080060259817
322.8779760544 21.4665190473997
323.6855121516 21.0372229261662
324.4929688816 20.35033614765
325.3003462444 19.9682200741784
326.10764424 19.2245700365085
326.9148628684 18.6139386667168
327.7220021296 18.3131232888916
328.5290620236 17.8686801198473
329.3360425504 17.4118412550876
330.14294371 17.0262507124235
330.9497655024 16.6666623380487
331.7565079276 16.1978223871933
332.5631709856 15.7041561159865
333.3697546764 15.3069647446169
334.176259 14.9101273707258
334.9826839564 14.9605381519769
335.7890295456 14.8280289685708
336.5952957676 14.4480242320101
337.4014826224 14.2486583003775
338.20759011 13.9489453431924
339.0136182304 13.8207178380711
339.8195669836 13.5362681821801
340.6254363696 13.5290726520103
341.4312263884 13.4104450096329
342.23693704 13.4264202758693
343.0425683244 13.3242387624889
343.8481202416 13.2177084851631
344.6535927916 13.130670767933
345.4589859744 13.2840185465611
346.26429979 13.1016717973728
347.0695342384 13.1023116705928
347.8746893196 12.993783430672
348.6797650336 12.9045988156
349.4847613804 13.0114146155707
350.28967836 13.075967756955
351.0945159724 13.1829599224533
351.8992742176 13.3799320389194
352.7039530956 13.659217922962
353.5085526064 14.1856412903198
354.31307275 14.5848701726472
355.1175135264 15.403193980458
355.9218749356 16.5450237600116
356.7261569776 18.0890219214293
357.5303596524 19.9758783803146
358.33448296 22.4717210317717
359.1385269004 25.8320110602912
359.9424914736 29.8521655632464
360.7463766796 34.3023014794604
361.5501825184 39.4615831479757
362.35390899 45.0787656416748
363.1575560944 50.5410016995943
363.9611238316 56.4464691871655
364.7646122016 62.0841760359882
365.5680212044 67.1115113478486
366.37135084 71.4067105884578
367.1746011084 75.0748159524963
367.9777720096 77.799818795487
368.7808635436 79.612886149187
369.5838757104 80.5137278679067
370.38680851 80.3750704189583
371.1896619424 78.5585891573303
371.9924360076 77.4831304383401
372.7951307056 74.5453878486369
373.5977460364 71.6763199483782
374.400282 69.0712642710967
375.2027385964 66.1241899676382
376.0051158256 63.1697659296999
376.8074136876 60.6001902503828
377.6096321824 58.4704147198648
378.41177131 57.0120178612679
379.2138310704 55.75009814461
380.0158114636 55.1113729749768
380.8177124896 55.5103341831202
381.6195341484 55.6228385236611
382.42127644 56.035825482384
383.2229393644 57.2273723065608
384.0245229216 58.9448445683249
384.8260271116 61.6192084058824
385.6274519344 64.3741052592792
386.42879739 66.8970084107874
387.2300634784 70.2166611944728
388.0312501996 73.4807517314755
388.8323575536 77.3943994780031
389.6333855404 81.5140946984422
390.43433416 83.7864404701109
391.2352034124 84.9204989032814
392.0359932976 85.5202127178168
392.8367038156 85.7064297499475
393.6373349664 87.6760724377928
394.43788675 86.6489407899506
395.2383591664 85.430044473629
396.0387522156 82.7688042079836
396.8390658976 79.0319677896304
397.6393002124 75.6405638763032
398.43945516 74.0058516834649
399.2395307404 73.9002224623565
400.0395269536 71.972519856159
400.8394437996 70.5656129710598
401.6392812784 69.6803926276795
402.43903939 69.4563352424116
403.2387181344 70.0387221781962
404.0383175116 71.067097393484
404.8378375216 72.748052716358
405.6372781644 75.2493995639474
406.43663944 78.3691619971571
407.2359213484 82.2469384762997
408.0351238896 86.569193515246
408.8342470636 91.3736662995617
409.6332908704 96.7346928508333
410.43225531 102.737737133546
411.2311403824 108.837010457275
412.0299460876 114.993081686845
412.8286724256 121.145989634772
413.6273193964 127.212822587457
414.425887 132.992418229238
415.2243752364 138.130124867153
416.0227841056 142.36391982191
416.8211136076 145.886985038466
417.6193637424 148.717017789575
418.41753451 150.552473698
419.2156259104 151.308261060429
420.0136379436 151.362327511513
420.8115706096 150.757703298775
421.6094239084 149.365521980799
422.40719784 147.519917784344
423.2048924044 145.199526879178
424.0025076016 142.818570645504
424.8000434316 140.264435238852
425.5974998944 137.700155025225
426.39487699 135.265495044922
427.1921747184 133.122238062843
427.9893930796 131.524630187388
428.7865320736 130.412795077439
429.5835917004 129.959955665267
430.38057196 130.197067598619
431.1774728524 131.132252994608
431.9742943776 132.900045490863
432.7710365356 135.390103515631
433.5676993264 138.525842346928
434.36428275 142.082017959335
435.1607868064 146.275619909146
435.9572114956 150.607327620532
436.7535568176 155.030645310326
437.5498227724 159.145688649623
438.34600936 162.990684691082
439.1421165804 166.286880621272
439.9381444336 168.723927395495
440.7340929196 170.192529679154
441.5299620384 170.34739959496
442.32575179 169.133780878081
443.1214621744 166.980041365313
443.9170931916 163.653801020293
444.7126448416 159.539553154799
445.5081171244 154.446290742351
446.30351004 148.810336402697
447.0988235884 143.240682638058
447.8940577696 137.447859695256
448.6892125836 132.12761012817
449.4842880304 127.235034381672
450.27928411 123.266945790459
451.0742008224 119.952435533555
451.8690381676 117.707751542158
452.6637961456 116.419439108403
453.4584747564 116.042070304868
454.253074 116.689383193996
455.0475938764 118.298107577629
455.8420343856 120.80154820087
456.6363955276 124.091857675321
457.4306773024 128.266411403646
458.22487971 133.019571445903
459.0190027504 138.318435783089
459.8130464236 144.130324242465
460.6070107296 150.37180012605
461.4008956684 156.890528255103
462.19470124 163.529760122226
462.9884274444 170.196491076645
463.7820742816 176.43257014899
464.5756417516 182.230801294346
465.3691298544 187.253418060639
466.16253859 191.441192968313
466.9558679584 194.522016351305
467.7491179596 196.550672855149
468.5422885936 197.403239898047
469.3353798604 197.069626047138
470.12839176 195.678004303203
470.9213242924 192.996161987166
471.7141774576 189.40190652312
472.5069512556 185.018993018281
473.2996456864 180.025863218726
474.09226075 174.352492546311
474.8847964464 168.721673361731
475.6772527756 163.036566246237
476.4696297376 157.496245579995
477.2619273324 152.093051674479
478.05414556 147.153316213631
478.8462844204 142.719640562126
479.6383439136 138.768491184967
480.4303240396 135.397848366155
481.2222247984 132.678129849204
482.01404619 130.490221221006
482.8057882144 128.773796259542
483.5974508716 127.493039977232
484.3890341616 126.654800926499
485.1805380844 126.223989683003
485.97196264 126.144143934202
486.7633078284 126.378333166549
487.5545736496 126.838490521696
488.3457601036 127.563577362581
489.1368671904 128.372765403841
489.92789491 129.370662393316
490.7188432624 130.522970836465
491.5097122476 131.845373170848
492.3005018656 133.308934785802
493.0912121164 134.891476751846
493.881843 136.585400171895
494.6723945164 138.326637343094
495.4628666656 140.094207811708
496.2532594476 141.839424856865
497.0435728624 143.443966627893
497.83380691 145.083619727808
498.6239615904 146.722286847985
499.4140369036 148.341591466658
500.2040328496 149.929798833943
500.9939494284 151.392724810789
501.78378664 152.961414969588
502.5735444844 154.276764265325
503.3632229616 155.567697371254
504.1528220716 156.652338664929
504.9423418144 157.49019783469
505.73178219 158.426774484504
506.5211431984 159.242431226505
507.3104248396 160.023025465398
508.0996271136 160.67700708087
508.8887500204 161.157885828413
509.67779356 161.527994315555
510.4667577324 161.736128191564
511.2556425376 161.962926729376
512.0444479756 162.218184595063
512.8331740464 162.399380134357
513.62182075 162.508355016788
514.4103880864 162.718117780618
515.1988760556 162.784440853817
515.9872846576 162.860943770494
516.7756138924 162.850383547426
517.56386376 162.777252649063
518.3520342604 162.715854841972
519.1401253936 162.755061672982
519.9281371596 162.731474983997
520.7160695584 162.740227762546
521.50392259 162.635855657774
522.2916962544 162.562223052863
523.0793905516 162.53131339566
523.8670054816 162.364339472378
524.6545410444 162.210845823415
525.44199724 162.153448514941
526.2293740684 162.250010717198
527.0166715296 162.297909570807
527.8038896236 162.326928896643
528.5910283504 162.411988026049
529.37808771 162.394790586946
530.1650677024 162.460215536407
530.9519683276 162.55982020928
531.7387895856 162.625336407457
532.5255314764 162.658480866167
533.312194 162.746753058936
534.0987771564 162.907456698177
534.8852809456 163.010093266921
535.6717053676 163.239379762976
536.4580504224 163.366595429307
537.24431611 163.497563157448
538.0305024304 163.663984843602
538.8166093836 163.767973474295
539.6026369696 163.818858509685
540.3885851884 163.832988579975
541.17445404 163.850250209263
541.9602435244 163.821276549592
542.7459536416 163.841613571993
543.5315843916 163.781418306024
544.3171357744 163.552497429245
545.10260779 163.269185155164
545.8880004384 163.089100964386
546.6733137196 162.965461055699
547.4585476336 162.749451075319
548.2437021804 162.592504498458
549.02877736 162.326187206835
549.8137731724 162.170345605213
550.5986896176 161.83879113415
551.3835266956 161.455735163264
552.1682844064 161.125791556588
552.95296275 160.755314159145
553.7375617264 160.485175053834
554.5220813356 160.051976660676
555.3065215776 159.650703673599
556.0908824524 159.177267572607
556.87516396 158.717131698916
557.6593661004 158.232140171688
558.4434888736 157.729706662039
559.2275322796 157.314530977033
560.0114963184 156.857603181206
560.79538099 156.228594482904
561.5791862944 155.72529237047
562.3629122316 155.17283071464
563.1465588016 154.596490693068
563.9301260044 154.075348380028
564.71361384 153.460930151357
565.4970223084 152.795178866061
566.2803514096 152.195939367437
567.0636011436 151.549983457387
567.8467715104 150.995556892559
568.62986251 150.381759365003
569.4128741424 149.781447306199
570.1958064076 149.122790736254
570.9786593056 148.502284699992
571.7614328364 147.783107412542
572.544127 147.26898577475
573.3267417964 146.662833175663
574.1092772256 145.978642093366
574.8917332876 145.393965617564
575.6741099824 144.734806159331
576.45640731 144.18282389705
577.2386252704 143.623704128777
578.0207638636 143.016949497091
578.8028230896 142.41296618194
579.5848029484 141.830853343121
580.36670344 141.283727764797
581.1485245644 140.710416305073
581.9302663216 140.155340552502
582.7119287116 139.63207108392
583.4935117344 139.191623175618
584.27501539 138.777918515524
585.0564396784 138.305280674413
585.8377845996 137.845753965672
586.6190501536 137.343571864094
587.4002363404 136.880961753733
588.18134316 136.561625155893
588.9623706124 136.246057035377
589.7433186976 135.87625747655
590.5241874156 135.635867580127
591.3049767664 135.383753265289
592.08568675 135.183864868419
592.8663173664 134.963002372814
593.6468686156 134.80304072764
594.4273404976 134.631747966461
595.2077330124 134.491890554159
595.98804616 134.42569890384
596.7682799404 134.437071140907
597.5484343536 134.497093117416
598.3285093996 134.557003480626
599.1085050784 134.615682259805
599.88842139 134.61957622644
600.6682583344 134.779831211651
601.4480159116 134.976394036885
602.2276941216 135.176148043933
603.0072929644 135.41938950786
603.78681244 135.696856537798
604.5662525484 135.942994537583
605.3456132896 136.230729248965
606.1248946636 136.605895681443
606.9040966704 136.999552251302
607.68321931 137.43264449645
608.4622625824 137.791596952166
609.2412264876 138.355773825444
610.0201110256 138.791154808552
610.7989161964 139.218933622841
611.577642 139.684677691081
612.3562884364 140.168714292783
613.1348555056 140.555958789007
613.9133432076 141.303148478354
614.6917515424 141.776118760076
615.47008051 142.365840042796
616.2483301104 142.979880571546
617.0265003436 143.629076646134
617.8045912096 144.170489697931
618.5826027084 144.805631905107
619.36053484 145.46450683973
620.1383876044 146.130609084353
620.9161610016 146.694444953526
621.6938550316 147.336830780103
622.4714696944 147.862057451755
623.24900499 148.444705613586
624.0264609184 149.077516638172
624.8038374796 149.595889372963
625.5811346736 150.16143212313
626.3583525004 150.608986417234
627.13549096 150.949555913141
627.9125500524 151.365240974575
628.6895297776 151.667594504234
629.4664301356 151.947542016819
630.2432511264 152.19575797012
631.01999275 152.298570552601
631.7966550064 152.407515697093
632.5732378956 152.473533120017
633.3497414176 152.571073198767
634.1261655724 152.558655748234
634.90251036 152.53164439487
635.6787757804 152.491880311285
636.4549618336 152.388301067019
637.2310685196 152.222598508557
638.0070958384 152.013000030103
638.78304379 151.765813911921
639.5589123744 151.489221296359
640.3347015916 151.148053790522
641.1104114416 150.757543658505
641.8860419244 150.350094689258
642.66159304 149.931688177017
643.4370647884 149.41236128152
644.2124571696 148.915560216737
644.9877701836 148.336431674066
645.7630038304 147.816665206208
646.53815811 147.264999326455
647.3132330224 146.659760464867
648.0882285676 146.066924402437
648.8631447456 145.459260525576
649.6379815564 144.764260508442
650.412739 144.080937872579
651.1874170764 143.476850835559
651.9620157856 142.844112948742
652.7365351276 142.334368516245
653.5109751024 141.679667789459
654.28533571 141.133380261538
655.0596169504 140.566816492504
655.8338188236 140.0090219208
656.6079413296 139.542202242888
657.3819844684 139.085896937082
658.15594824 138.708652741162
658.9298326444 138.34580812769
659.7036376816 138.127323961568
660.4773633516 137.907011005185
661.2510096544 137.657588195185
662.02457659 137.628224775015
662.7980641584 137.632318055685
663.5714723596 137.559190727277
664.3448011936 137.763849871094
665.1180506604 137.921977311517
665.89122076 138.199639489312
666.6643114924 138.563599459177
667.4373228576 139.007582509896
668.2102548556 139.293814781564
668.9831074864 139.611024167029
669.75588075 140.031994509227
670.5285746464 140.409531038384
671.3011891756 140.652556447286
672.0737243376 140.996042367062
672.8461801324 141.161104199553
673.61855656 141.194970886448
674.3908536204 141.11473139233
675.1630713136 141.043963594029
675.9352096396 140.835192581549
676.7072685984 140.465653344626
677.47924819 139.931194138132
678.2511484144 139.488044845315
679.0229692716 138.803035430752
679.7947107616 137.865324611594
680.5663728844 137.086188325006
681.33795564 136.23436764483
682.1094590284 135.106149725
682.8808830496 133.956607183397
683.6522277036 132.90976901379
684.4234929904 131.865882546514
685.19467891 130.732066656611
685.9657854624 129.758818624337
686.7368126476 128.987914570397
687.5077604656 128.183241953971
688.2786289164 127.362147251163
689.049418 126.868465988627
689.8201277164 126.598341816125
690.5907580656 126.238366049093
691.3613090476 126.181740002312
692.1317806624 126.478801821287
692.90217291 126.887790400408
693.6724857904 127.31073186447
694.4427193036 127.926375003819
695.2128734496 128.839444502074
695.9829482284 129.839467357354
696.75294364 130.772563937571
697.5228596844 131.922226603521
698.2926963616 133.311298296528
699.0624536716 134.532210898381
699.8321316144 135.44150845503
700.60173019 136.497526009091
701.3712493984 137.541321176907
702.1406892396 138.199745976911
702.9100497136 138.48646699631
703.6793308204 138.720644596433
704.44853256 138.871228075938
705.2176549324 138.363520336601
705.9866979376 137.369925038145
706.7556615756 136.273940659872
707.5245458464 135.092769692639
708.29335075 133.518258971966
709.0620762864 131.386928941034
709.8307224556 129.280767066367
710.5992892576 127.201729110242
711.3677766924 124.759606934651
712.13618476 122.163992625558
712.9045134604 119.681736038993
713.6727627936 117.5815616125
714.4409327596 115.395734511336
715.2090233584 113.148270470369
715.97703459 111.079517918748
716.7449664544 109.6590503117
717.5128189516 108.353960532349
718.2805920816 107.042005257071
719.0482858444 106.023124400868
719.81590024 105.638446751184
720.5834352684 105.487398262395
721.3508909296 105.44613138262
722.1182672236 105.623724734849
722.8855641504 106.302251550309
723.65278171 107.269152275142
724.4199199024 108.257725193029
725.1869787276 109.18431917611
725.9539581856 110.578763676479
726.7208582764 112.238949171211
727.487679 113.944109987187
728.2544203564 115.394659421186
729.0210823456 116.947437930882
729.7876649676 118.751875358202
730.5541682224 120.565276670499
731.32059211 121.967204974506
732.0869366304 123.181046663714
732.8532017836 124.606972687682
733.6193875696 126.197689468537
734.3854939884 127.327769350191
735.15152104 127.908290841676
735.9174687244 128.380043422972
736.6833370416 128.988446803624
737.4491259916 129.388230523442
738.2148355744 129.192031705185
738.98046579 128.760213609553
739.7460166384 128.489248097232
740.5114881196 128.290486900566
741.2768802336 127.522226392495
742.0421929804 126.170906861398
742.80742636 124.90661806884
743.5725803724 123.885463214759
744.3376550176 122.884793018299
745.1026502956 121.393116134966
745.8675662064 119.723914905687
746.63240275 118.40729718591
747.3971599264 117.566815299244
748.1618377356 116.407541080559
748.9264361776 114.818401391498
749.6909552524 113.261005449818
750.45539496 112.367638085303
751.2197553004 111.678851681389
751.9840362736 110.654822373522
752.7482378796 109.561883847532
753.5123601184 108.852531377567
754.27640299 108.767933524779
755.0403664944 108.88146647901
755.8042506316 108.753946557768
756.5680554016 108.559911744329
757.3317808044 109.034921079682
758.09542684 110.221211958936
758.8589935084 111.430662005902
759.6224808096 112.409645995762
760.3858887436 113.27397241507
761.1492173104 114.454880914166
761.91246651 115.984604480367
762.6756363424 117.082361540673
763.4387268076 117.270544001901
764.2017379056 116.957578534546
764.9646696364 116.733718658662
765.727522 116.257895816883
766.4902949964 114.870378378632
767.2529886256 112.270576177007
768.0156028876 109.287785564993
768.7781377824 106.341794531207
769.54059331 103.274823613005
770.3029694704 99.6492997072356
771.0652662636 95.3175534741568
771.8274836896 90.9229508474986
772.5896217484 87.3520112139635
773.35168044 84.2778010391019
774.1136597644 81.2676223364981
774.8755597216 78.1355208442368
775.6373803116 75.3967058712469
776.3991215344 73.4290747702849
777.16078339 72.2387056969086
777.9223658784 71.2608725832215
778.6838689996 70.2086028207186
779.4452927536 69.2997126546924
780.2066371404 69.0545682736439
780.96790216 69.5651456379044
781.7290878124 70.2313555319376
782.4901940976 70.6834771305248
783.2512210156 71.1199789250749
784.0121685664 71.9701112247096
784.77303675 73.48900826415
785.5338255664 75.3992436831275
786.2945350156 77.0526148940521
787.0551650976 78.4966597129901
787.8157158124 80.041288587012
788.57618716 82.39684698397
789.3365791404 85.2213100579517
790.0968917536 88.1887437021919
790.8571249996 90.7116279745646
791.6172788784 93.0281473910158
792.37735339 96.0369187145178
793.1373485344 99.9867331902945
793.8972643116 104.365409340164
794.6571007216 108.280273993723
795.4168577644 111.543022821391
796.17653544 114.813251744177
796.9361337484 118.847948954654
797.6956526896 123.485103342563
798.4550922636 127.772356476207
799.2144524704 130.810890403293
799.97373331 132.66343400232
800.7329347824 134.401858700557
801.4920568876 136.766982473483
802.2510996256 139.197824056423
803.0100629964 140.457366394895
803.768947 139.911229852261
804.5277516364 138.11046756007
805.2864769056 136.307602159793
806.0451228076 135.34412208172
806.8036893424 134.759141979732
807.56217651 132.984597667512
808.3205843104 129.990469346788
809.0789127436 126.388639660608
809.8371618096 123.233122148613
810.5953315084 121.370256059811
811.35342184 120.100530940606
812.1114328044 118.060892643652
812.8693644016 115.163209012573
813.6272166316 111.810296933247
814.3849894944 109.029613794183
815.14268299 107.34587496273
815.9002971184 106.236462464556
816.6578318796 104.568777326022
817.4152872736 101.778322392227
818.1726633004 98.5435055575424
818.92995996 95.7564921946766
819.6871772524 93.8656647469619
820.4443151776 92.6315401239731
821.2013737356 90.9836191083678
821.9583529264 88.2769786254138
822.71525275 85.0705625017753
823.4720732064 82.1100672596817
824.2288142956 80.1673631508626
824.9854760176 79.0565837647763
825.7420583724 77.8263694114103
826.49856136 75.7009724532265
827.2549849804 73.0039136578102
828.0113292336 70.4284225128266
828.7675941196 68.7442944061364
829.5237796384 68.0167793389161
830.27988579 67.6658029217019
831.0359125744 66.7848161058953
831.7918599916 65.3026700196844
832.5477280416 63.6139637021527
833.3035167244 62.5350265698402
834.05922604 62.456844510191
834.8148559884 63.199773216583
835.5704065696 63.846647198659
836.3258777836 63.860382932325
837.0812696304 63.4275160303087
837.83658211 63.311767725887
838.5918152224 64.0202415454469
839.3469689676 65.803940603425
840.1020433456 68.0127398586819
840.8570383564 69.8931749389406
841.611954 70.8745350005602
842.3667902764 71.6053712906594
843.1215471856 72.9935099947222
843.8762247276 75.5372949517589
844.6308229024 79.1523604647168
845.38534171 82.8300081495007
846.1397811504 85.8140298349273
846.8941412236 87.6041185762406
847.6484219296 89.2934254229895
848.4026232684 91.8951168600858
849.15674524 95.945697290352
849.9107878444 100.934169935533
850.6647510816 105.209407194981
851.4186349516 107.900933876709
852.1724394544 109.269514911489
852.92616459 110.477076851964
853.6798103584 112.760045946473
854.4333767596 116.523623713371
855.1868637936 120.513861517568
855.9402714604 122.651470071202
856.69359976 122.826802566588
857.4468486924 121.494884766328
858.2000182576 119.991644850613
858.9531084556 119.544525828524
859.7061192864 120.408322435237
860.45905075 121.27837301565
861.2119028464 120.622896037383
861.9646755756 118.004450336341
862.7173689376 114.457350292583
863.4699829324 111.192511660233
864.22251756 109.294693969164
864.9749728204 108.937928138793
865.7273487136 108.89804876008
866.4796452396 107.766025754867
867.2318623984 105.369776914419
867.98400019 102.502107069409
868.7360586144 100.458888522575
869.4880376716 99.9213687829662
870.2399373616 101.070870334788
870.9917576844 102.560294103944
871.74349864 102.929310594937
872.4951602284 102.299704746117
873.2467424496 101.145876232998
873.9982453036 100.61027069307
874.7496687904 101.600292544253
875.50101291 103.845825366494
876.2522776624 106.453895256424
877.0034630476 107.939019502206
877.7545690656 108.069742508824
878.5055957164 107.497568826609
879.256543 107.140963853317
880.0074109164 107.840317527834
880.7581994656 109.671824294343
881.5089086476 111.928561154511
882.2595384624 113.30135232031
883.01008891 113.083180360068
883.7605599904 111.876011110752
884.5109517036 110.414038488632
885.2612640496 109.513863179305
886.0114970284 109.773778239429
886.76165064 110.895446394894
887.5117248844 111.248018947013
888.2617197616 110.306684817812
889.0116352716 108.170308711788
889.7614714144 105.562772243465
890.51122819 103.044077496918
891.2609055984 101.315722961703
892.0105036396 100.595504227807
892.7600223136 99.8956926067145
893.5094616204 98.4402229377613
894.25882156 95.8971711049502
895.0081021324 92.7539761206655
895.7573033376 89.5357784733004
896.5064251756 86.747315309949
897.2554676464 84.6979026277734
898.00443075 83.3487784991428
898.7533144864 81.9078424327947
899.5021188556 79.8064757025545
900.2508438576 77.1500336966918
900.9994894924 74.2905002138019
901.74805576 71.4503005836199
902.4965426604 69.1269774108528
903.2449501936 67.5052660494758
903.9932783596 66.2704772662946
904.7415271584 64.947643596682
905.48969659 63.3181136564557
906.2377866544 61.2604941798288
906.9857973516 59.1040060912263
907.7337286816 56.9751599782322
908.4815806444 55.2581235979618
909.22935324 53.9967370415772
909.9770464684 53.0406481184704
910.7246603296 52.0725889439021
911.4721948236 50.7909259938147
912.2196499504 49.2627541504133
912.96702571 47.65086518426
913.7143221024 45.9002248832146
914.4615391276 44.4271215654015
915.2086767856 43.2929945960144
915.9557350764 42.4307583017928
916.702714 41.6452423785894
917.4496135564 40.783357894045
918.1964337456 39.7240506417271
918.9431745676 38.3604802701358
919.6898360224 36.9284328960122
920.43641811 35.606965038969
921.1829208304 34.5279125902114
921.9293441836 33.7782182469969
922.6756881696 33.1729403343755
923.4219527884 32.5120716852023
924.16813804 31.6937576895243
924.9142439244 30.7038382228834
925.6602704416 29.6466078982407
926.4062175916 28.6695892094543
927.1520853744 27.8323209131448
927.89787379 27.3027551425759
928.6435828384 27.0234740313122
929.3892125196 26.8374161273905
930.1347628336 26.5120232907388
930.8802337804 26.1670687489135
931.62562536 25.8044576232123
932.3709375724 25.3668311205262
933.1161704176 25.0591083910784
933.8613238956 25.0259749790702
934.6063980064 25.1251259280836
935.35139275 25.4705938792693
936.0963081264 25.8464868540519
936.8411441356 26.2045652409504
937.5859007776 26.4512565040826
938.3305780524 26.6940643975604
939.07517596 26.8982667198742
939.8196945004 27.1695580389512
940.5641336736 27.6548592020071
941.3084934796 28.3321729250186
942.0527739184 29.1878943191308
942.79697499 30.1218974209711
943.5410966944 30.8883945448732
944.2851390316 31.5240604565185
945.0291020016 32.0763137470446
945.7729856044 32.7035282808709
946.51678984 33.2911370195804
947.2605147084 34.0065562193518
948.0041602096 34.9397551152266
948.7477263436 35.9762547114305
949.4912131104 37.0916821942375
950 37.3772748092885
950.1 37.2975816879644
950.2 37.30130500893
950.3 38.6297288567065
950.4 38.5737114037341
950.5 38.5214005404612
950.6 38.4695089732326
950.7 38.4146673211568
950.8 38.353755943401
950.9 38.2842161411875
951 38.2043097012088
951.38320914 39.2646843486749
953.0075535506 40.9151900635094
954.6317346304 42.4125975936192
956.2557523794 43.9210661397907
957.8796067976 45.3147167628925
959.503297885 46.6448294502384
961.1268256416 47.9258890012119
962.7501900674 49.1009355100432
964.3733911624 50.1190302140233
965.9964289266 51.0100870487758
967.61930336 51.7291856004358
969.2420144626 52.4303751119318
970.8645622344 53.0400463058139
972.4869466754 53.568874845733
974.1091677856 54.0554720919229
975.731225565 54.4664958411153
977.3531200136 54.786115024807
978.9748511314 55.2751149898281
980.5964189184 55.730779175535
982.2178233746 56.2611914316599
983.8390645 56.8603642354344
985.4601422946 57.604743760419
987.0810567584 58.2092162365945
988.7018078914 58.9795471252361
990.3223956936 59.9091306992307
991.942820165 60.9752691630741
993.5630813056 62.3076830766241
995.1831791154 63.6991016765963
996.8031135944 65.1119999824731
998.4228847426 66.783250361719
1000.04249256 68.4731640953734
1001.6619370466 70.5049719042196
1003.2812182024 72.655704234232
1004.9003360274 75.1305553055702
1006.5192905216 77.6145381609216
1008.138081685 80.384048087344
1009.7567095176 83.0564003297862
1011.3751740194 85.916469853552
1012.9934751904 88.6400479464405
1014.6116130306 91.5303220883457
1016.22958754 94.1410557071279
1017.8473987186 96.6023524681461
1019.4650465664 98.7481781066214
1021.0825310834 100.799664172164
1022.6998522696 102.16338609365
1024.317010125 103.036607227834
1025.9340046496 103.132475414799
1027.5508358434 102.842483091795
1029.1675037064 101.765833144018
1030.7840082386 100.464708639192
1032.40034944 98.8734159376945
1034.0165273106 97.2092404524593
1035.6325418504 95.2426962004679
1037.2483930594 93.389619629163
1038.8640809376 91.5083334854261
1040.479605485 89.7839652221566
1042.0949667016 88.2584971308514
1043.7101645874 87.0071213125664
1045.3251991424 85.651504474194
1046.9400703666 84.586521593003
1048.55477826 83.3483151670529
1050.1693228226 82.5285548386531
1051.7837040544 81.5698968534395
1053.3979219554 80.4784150006174
1055.0119765256 79.0058057306579
1056.625867765 77.2459893277556
1058.2395956736 75.1084194969477
1059.8531602514 72.7429693013743
1061.4665614984 69.9813093656923
1063.0797994146 66.7774572151244
1064.692874 63.2289055756613
1066.3057852546 59.4345239472721
1067.9185331784 55.5326679303894
1069.5311177714 51.4452436411221
1071.1435390336 47.2418857285277
1072.755796965 43.084301642857
1074.3678915656 38.8883580607194
1075.9798228354 34.8559591520425
1077.5915907744 31.0984164663942
1079.2031953826 27.5953167930511
1080.81463666 24.3765758384764
1082.4259146066 21.4420471478741
1084.0370292224 18.8263756696263
1085.6479805074 16.493870691317
1087.2587684616 14.5228078373532
1088.869393085 12.813823711843
1090.4798543776 11.3420100313358
1092.0901523394 10.0958976974304
1093.7002869704 9.05238087728126
1095.3102582706 8.17408700130063
1096.92006624 7.44629803152833
1098.5297108786 6.83943290461636
1100.1391921864 6.33237769423417
1101.7485101634 5.91273535472293
1103.3576648096 5.57010840820376
1104.966656125 5.28547001949779
1106.5754841096 5.05437047734595
1108.1841487634 4.86154033794431
1109.7926500864 4.7122616784802
1111.4009880786 4.58273923129039
1113.00916274 4.46602316175965
1114.6171740706 4.37377803160845
1116.2250220704 4.3005783886857
1117.8327067394 4.24022809722694
1119.4402280776 4.18375244296687
1121.047586085 4.12499156582379
1122.6547807616 4.07413920458613
1124.2618121074 4.02274611740291
1125.8686801224 3.98610939807126
1127.4753848066 3.93924802064108
1129.08192616 3.90928724286721
1130.6883041826 3.87385887407313
1132.2945188744 3.83952043448606
1133.9005702354 3.81232169735147
1135.5064582656 3.78253015689172
1137.112182965 3.75728091439439
1138.7177443336 3.73667257130076
1140.3231423714 3.71226111192506
1141.9283770784 3.68120217264742
1143.5334484546 3.65061047314562
1145.1383565 3.62391532389236
1146.7431012146 3.58911841293489
1148.3476825984 3.54554006125699
1149.9521006514 3.5019396395867
1151.5563553736 3.43481709609073
1153.160446765 3.37262816363955
1154.7643748256 3.30976468132418
1156.3681395554 3.25404916595449
1157.9717409544 3.19668879974251
1159.5751790226 3.13508945276197
1161.17845376 3.08063848370531
1162.7815651666 3.03721430144184
1164.3845132424 3.00899473796586
1165.9872979874 2.99712050421372
1167.5899194016 3.0017455164105
1169.192377485 3.02445314745946
1170.7946722376 3.07473598601276
1172.3968036594 3.15558426262158
1173.9987717504 3.26904630546026
1175.6005765106 3.4200289486702
1177.20221794 3.60931391373154
1178.8036960386 3.82919414373305
1180.4050108064 4.07745612519039
1182.0061622434 4.34474471431869
1183.6071503496 4.64466234591324
1185.207975125 4.9653352387915
1186.8086365696 5.29287182496261
1188.4091346834 5.61644627403643
1190.0094694664 5.947726127235
1191.6096409186 6.25317004863216
1193.20964904 6.57313129784007
1194.8094938306 6.87848068986716
1196.4091752904 7.17184800168706
1198.0086934194 7.4440655443025
1199.6080482176 7.69843019244315
1201.207239685 7.92018199380351
1202.8062678216 8.1281507171207
1204.4051326274 8.30612226899647
1206.0038341024 8.45375420659245
1207.6023722466 8.5573774073012
1209.20074706 8.60685391327674
1210.7989585426 8.61087233576999
1212.3970066944 8.57332951511303
1213.9948915154 8.47343244143243
1215.5926130056 8.3165440970626
1217.190171165 8.12158214142248
1218.7875659936 7.86158854208655
1220.3847974914 7.5616501919714
1221.9818656584 7.22615599118341
1223.5787704946 6.88901347509694
1225.175512 6.51109377401014
1226.7720901746 6.13400812443573
1228.3685050184 5.73870145025058
1229.9647565314 5.34743544504157
1231.5608447136 4.96275221550734
1233.156769565 4.59072836487189
1234.7525310856 4.2288884398225
1236.3481292754 3.89068419173524
1237.9435641344 3.57168471817387
1239.5388356626 3.27617728514266
1241.13394386 3.00319071041066
1242.7288887266 2.75138843699818
1244.3236702624 2.52340810623027
1245.9182884674 2.31951043106632
1247.5127433416 2.13118210552443
1249.107034885 1.9612850809844
1250.7011630976 1.81350550541525
1252.2951279794 1.67843656218243
1253.8889295304 1.56096693719233
1255.4825677506 1.45475895630145
1257.07604264 1.36278173369091
1258.6693541986 1.27660204158676
1260.2625024264 1.20759446455248
1261.8554873234 1.14339658259138
1263.4483088896 1.08291377281512
1265.040967125 1.0329091412463
1266.6334620296 0.984993406953329
1268.2257936034 0.945036412175671
1269.8179618464 0.905924692947958
1271.4099667586 0.867037868873479
1273.00180834 0.838332120122694
1274.5934865906 0.809698373125657
1276.1850015104 0.781055062316911
1277.7763530994 0.749302626060187
1279.3675413576 0.727357873627563
1280.958566285 0.701144908912697
1282.5494278816 0.675320661369214
1284.1401261474 0.65613167967994
1285.7306610824 0.633714741362442
1287.3210326866 0.616817982701013
1288.91124096 0.602305850609857
1290.5012859026 0.586263256966387
1292.0911675144 0.564273057015347
1293.6808857954 0.546430287469602
1295.2704407456 0.533028352412813
1296.859832365 0.515851078476664
1298.4490606536 0.503252690978017
1300.0381256114 0.489272206548716
1301.6270272384 0.474954203413365
1303.2157655346 0.461177846255825
1304.8043405 0.446121147369644
1306.3927521346 0.434330475672937
1307.9810004384 0.42013612625098
1309.5690854114 0.415421464499282
1311.1570070536 0.406709635162606
1312.744765365 0.397489072015914
1314.3323603456 0.388994226947493
1315.9197919954 0.378012720621636
1317.5070603144 0.370419492076263
1319.0941653026 0.36292425827198
1320.68110696 0.352183291628891
1322.2678852866 0.341969192535095
1323.8545002824 0.331937605916474
1325.4409519474 0.320261886603319
1327.0272402816 0.307123106963262
1328.613365285 0.294982800395547
1330.1993269576 0.281719064473272
1331.7851252994 0.265959569411334
1333.3707603104 0.255393476340395
1334.9562319906 0.24528799777086
1336.54154034 0.229762121195059
1338.1266853586 0.220723776146914
1339.7116670464 0.211367505401151
1341.2964854034 0.201129969020456
1342.8811404296 0.190900292540606
1344.465632125 0.181010166363018
1346.0499604896 0.173862336549302
1347.6341255234 0.170757259907034
1349.2181272264 0.169433052680616
1350.8019655986 0.166401457660756
1352.38564064 0.160507462218159
1353.9691523506 0.160603585897635
1355.5525007304 0.156427980926185
1357.1356857794 0.152006249154645
1358.7187074976 0.154435984868722
1360.301565885 0.150584746844698
1361.8842609416 0.150781377597819
1363.4667926674 0.14884811502167
1365.0491610624 0.144384829136655
1366.6313661266 0.138595884142358
1368.21340786 0.132391472513911
1369.7952862626 0.128940363235108
1371.3770013344 0.124670580226137
1372.9585530754 0.121712802029797
1374.5399414856 0.120537264361201
1376.121166565 0.115002374537004
1377.7022283136 0.11443320461841
1379.2831267314 0.111646876728867
1380.8638618184 0.109314169300574
1382.4444335746 0.109829427663569
1384.024842 0.11320809904666
1385.6050870946 0.111520176085004
1387.1851688584 0.106638462244121
1388.7650872914 0.102904934537795
1390.3448423936 0.103371495342673
1391.924434165 0.102217636387387
1393.5038626056 0.101065894810046
1395.0831277154 0.0996987306626845
1396.6622294944 0.0996093549526061
1398.2411679426 0.0999815211406544
1399.81994306 0.0970937024954358
1401.3985548466 0.0923030830201791
1402.9770033024 0.0914268152855403
1404.5552884274 0.0933611105453954
1406.1334102216 0.0968363917267515
1407.711368685 0.0952592770991984
1409.2891638176 0.0931806122030508
1410.8667956194 0.0879501796041186
1412.4442640904 0.0902666829330382
1414.0215692306 0.0884392947620246
1415.59871104 0.0868899115817662
1417.1756895186 0.0863610308725943
1418.7525046664 0.0855644733786508
1420.3291564834 0.0849047745855318
1421.9056449696 0.0823718782778281
1423.481970125 0.0767162189260945
1425.0581319496 0.0758505156718736
1426.6341304434 0.0766346902007039
1428.2099656064 0.0796171035908244
1429.7856374386 0.0768359559248065
1431.36114594 0.0761303800269261
1432.9364911106 0.0735852149975771
1434.5116729504 0.0752455344670464
1436.0866914594 0.0720357216247792
1437.6615466376 0.0712096473918741
1439.236238485 0.0713037972462446
1440.8107670016 0.0725614143488745
1442.3851321874 0.0709004781770861
1443.9593340424 0.0706532044845235
1445.5333725666 0.0689354522769594
1447.10724776 0.0678717855118695
1448.6809596226 0.0700026076565725
1450.2545081544 0.0700435476513082
1451.8278933554 0.0670370724309566
1453.4011152256 0.0710364782934372
1454.974173765 0.0705033591811901
1456.5470689736 0.0732903658848594
1458.1198008514 0.070733152299456
1459.6923693984 0.0685129668048558
1461.2647746146 0.0677128191007118
1462.8370165 0.0693470297044785
1464.4090950546 0.0695816873957983
1465.9810102784 0.066766762164931
1467.5527621714 0.0683034161132023
1469.1243507336 0.0715807893260589
1470.695775965 0.0690188049761259
1472.2670378656 0.0683767781106588
1473.8381364354 0.068478933260774
1475.4090716744 0.0726075692132058
1476.9798435826 0.0729056851248959
1478.55045216 0.0753360644452704
1480.1208974066 0.0757867990113976
1481.6911793224 0.0769260913210922
1483.2612979074 0.0766140653491354
1484.8312531616 0.0756353516610851
1486.401045085 0.0728669512692088
1487.9706736776 0.0743376772822599
1489.5401389394 0.0753930819523669
1491.1094408704 0.0716261128973059
1492.6785794706 0.0696703349369241
1494.24755474 0.0706053833849817
1495.8163666786 0.0693482863011647
1497.3850152864 0.0706546482968173
1498.9535005634 0.068976482846628
1500.5218225096 0.0691193709998742
1502.089981125 0.0731998164106056
1503.6579764096 0.073757717629391
1505.2258083634 0.0721764396922495
1506.7934769864 0.0742394316872964
1508.3609822786 0.075448237095682
1509.92832424 0.0748088115451655
1511.4955028706 0.0784476058708487
1513.0625181704 0.079687413465974
1514.6293701394 0.078275933057349
1516.1960587776 0.0792099743240119
1517.762584085 0.0818849971245457
1519.3289460616 0.0810139963302418
1520.8951447074 0.0853835999536544
1522.4611800224 0.0881420560806687
1524.0270520066 0.0896345273843487
1525.59276066 0.0912850011301034
1527.1583059826 0.0949869170274821
1528.7236879744 0.0927275715863415
1530.2889066354 0.0922613964708181
1531.8539619656 0.0952036853892612
1533.418853965 0.0967253782864223
1534.9835826336 0.0985857599298529
1536.5481479714 0.0993683674045358
1538.1125499784 0.0959616359594381
1539.6767886546 0.0982972969807941
1541.240864 0.0983696071793927
1542.8047760146 0.0981625050395492
1544.3685246984 0.0946596495619454
1545.9321100514 0.098051099302709
1547.4955320736 0.10008415067799
1549.058790765 0.0997286757646768
1550.6218861256 0.100897139790689
1552.1848181554 0.100658455768766
1553.7475868544 0.10116607210531
1555.3101922226 0.104377033600843
1556.87263426 0.105521560096087
1558.4349129666 0.10605193439265
1559.9970283424 0.109951058155774
1561.5589803874 0.116759915632809
1563.1207691016 0.121216302961545
1564.682394485 0.122990504751312
1566.2438565376 0.12883650612122
1567.8051552594 0.13444824813601
1569.3662906504 0.138273873371614
1570.9272627106 0.144875561270008
1572.48807144 0.153605134317971
1574.0487168386 0.159888486628189
1575.6091989064 0.169755520341672
1577.1695176434 0.178753012059496
1578.7296730496 0.189660828520068
1580.289665125 0.200426582946046
1581.8494938696 0.21648932358122
1583.4091592834 0.232310094477657
1584.9686613664 0.248982231227939
1586.5280001186 0.270012142475992
1588.08717554 0.292628974041894
1589.6461876306 0.315619574796891
1591.2050363904 0.341333963998801
1592.7637218194 0.371054868252132
1594.3222439176 0.400007223824083
1595.880602685 0.431944280668349
1597.4387981216 0.465272487683378
1598.9968302274 0.497558707004496
1600.5546990024 0.531611263171071
1602.1124044466 0.568010310176205
1603.66994656 0.603532612939824
1605.2273253426 0.634540438271312
1606.7845407944 0.668906171522197
1608.3415929154 0.702804483038681
1609.8984817056 0.733309583324061
1611.455207165 0.762377375019593
1613.0117692936 0.791532203650494
1614.5681680914 0.820999192296063
1616.1244035584 0.853967489109723
1617.6804756946 0.882563554878747
1619.2363845 0.910857394615924
1620.7921299746 0.939924760164801
1622.3477121184 0.977703337491402
1623.9031309314 0.997856616834892
1625.4583864136 1.03257977885306
1627.013478565 1.06505061274784
1628.5684073856 1.10274983879317
1630.1231728754 1.13734228910144
1631.6777750344 1.17727511702135
1633.2322138626 1.21423721093975
1634.78648936 1.26173788544016
1636.3406015266 1.30352806870641
1637.8945503624 1.36583171296264
1639.4483358674 1.42567268181635
1641.0019580416 1.49746838035709
1642.555416885 1.56870613534704
1644.1087123976 1.66077992496527
1645.6618445794 1.76717715580919
1647.2148134304 1.89652570329245
1648.7676189506 2.02317629757079
1650.32026114 2.18871196710835
1651.8727399986 2.35892678224658
1653.4250555264 2.57631293487321
1654.9772077234 2.78752101685002
1656.5291965896 3.04173624312825
1658.081022125 3.28905230808956
1659.6326843296 3.59341989750106
1661.1841832034 3.89035384206862
1662.7355187464 4.24553001946348
1664.2866909586 4.561496935873
1665.83769984 4.98742245637815
1667.3885453906 5.35514995712654
1668.9392276104 5.83222740159387
1670.4897464994 6.25710543252424
1672.0401020576 6.79089365814586
1673.590294285 7.2918969355795
1675.1403231816 7.94445240540245
1676.6901887474 8.55674549148022
1678.2398909824 9.29769180535301
1679.7894298866 9.95307743698972
1681.33880546 10.8281982462671
1682.8880177026 11.6349419032492
1684.4370666144 12.6082858808765
1685.9859521954 13.5006020556118
1687.5346744456 14.6329659318092
1689.083233365 15.6552072043305
1690.6316289536 17.0017743008512
1692.1798612114 18.175223325805
1693.7279301384 19.5880944711613
1695.2758357346 20.8720400711192
1696.823578 22.4660583409404
1698.3711569346 23.8484336924262
1699.9185725384 25.5157794275902
1701.4658248114 26.9121031527829
1703.0129137536 28.6534787486765
1704.559839365 29.9896588150225
1706.1066016456 31.6732387897211
1707.6532005954 33.5455595880908
1709.1996362144 34.6218668447014
1710.7459085026 36.1668673620598
1712.29201746 37.1747400430898
1713.8379630866 37.1747400430898
