293.753818 0
294.5642113164 0
295.3745252656 0
296.1847598476 0
296.9949150624 4.23122487882942
297.80499091 3.089804371325
298.6149873904 2.94402380646275
299.4249045036 2.94041429969039
300.2347422496 3.02284162392877
301.0445006284 2.89866595236499
301.85417964 2.65848633502352
302.6637792844 2.49518154460816
303.4732995616 2.45561151068547
304.2827404716 2.41168895845538
305.0921020144 2.44388605065052
305.90138419 2.31038511144511
306.7105869984 2.27954369304777
307.5197104396 2.14553426923071
308.3287545136 2.11734273731962
309.1377192204 2.00340426421847
309.94660456 1.82643551791031
310.7554105324 1.83130479719741
311.5641371376 1.78549452982769
312.3727843756 1.65975124322483
313.1813522464 1.62057706938297
313.98984075 1.52806028599514
314.7982498864 1.51170807245729
315.6065796556 1.47034554912042
316.4148300576 1.48566267514857
317.2230010924 1.38232879552756
318.03109276 1.30192108802796
318.8391050604 1.41004121188997
319.6470379936 1.40106357211719
320.4548915596 1.37257841093336
321.2626657584 1.49103714199953
322.07036059 1.46905575579596
322.8779760544 1.51606446751679
323.6855121516 1.4733736615757
324.4929688816 1.56417107480243
325.3003462444 1.5362159720509
326.10764424 1.54257995634342
326.9148628684 1.53618306159306
327.7220021296 1.46430091176015
328.5290620236 1.45422520151072
329.3360425504 1.45978740970964
330.14294371 1.36902939473654
330.9497655024 1.34325632693902
331.7565079276 1.29323216055666
332.5631709856 1.34666733185759
333.3697546764 1.37012728699431
334.176259 1.39136395285655
334.9826839564 1.47739248705123
335.7890295456 1.55050127323796
336.5952957676 1.7001103808675
337.4014826224 1.8893280704992
338.20759011 2.07602635534008
339.0136182304 2.31478192443967
339.8195669836 2.51826404860206
340.6254363696 2.80609101211075
341.4312263884 3.05606160912989
342.23693704 3.33628273324528
343.0425683244 3.72045723043189
343.8481202416 4.06145367575114
344.6535927916 4.44039104156478
345.4589859744 4.8363162145082
346.26429979 5.11803932812589
347.0695342384 5.42289163389747
347.8746893196 5.83534392847064
348.6797650336 6.27422735089606
349.4847613804 6.66345403942791
350.28967836 7.15364450928565
351.0945159724 7.67822165617847
351.8992742176 8.21349253233079
352.7039530956 8.93768058779551
353.5085526064 9.86506446237463
354.31307275 11.0340720806856
355.1175135264 12.6378513275376
355.9218749356 14.8010463513568
356.7261569776 17.5228524091583
357.5303596524 21.1899217238985
358.33448296 26.0644494454726
359.1385269004 32.3765981937095
359.9424914736 40.2502318754009
360.7463766796 49.540919683061
361.5501825184 60.4671539917315
362.35390899 72.842594827612
363.1575560944 86.7309371843843
363.9611238316 101.569923932271
364.7646122016 117.637988669369
365.5680212044 133.515631614754
366.37135084 148.02265838077
367.1746011084 160.478492852199
367.9777720096 171.986307346317
368.7808635436 179.899902486724
369.5838757104 184.721902012939
370.38680851 186.760648938079
371.1896619424 186.548430636823
371.9924360076 182.991411001974
372.7951307056 177.259104601254
373.5977460364 170.085592791281
374.400282 161.069687382331
375.2027385964 150.358046980978
376.0051158256 139.418447660362
376.8074136876 129.502402757901
377.6096321824 120.205467561698
378.41177131 111.055329389727
379.2138310704 101.823221554551
380.0158114636 92.3813760299011
380.8177124896 83.4681008228681
381.6195341484 74.649979459827
382.42127644 66.8184295956957
383.2229393644 59.8028486505812
384.0245229216 53.3092207632694
384.8260271116 47.472352651628
385.6274519344 42.2337214525449
386.42879739 37.6010508800558
387.2300634784 33.4314958336481
388.0312501996 29.5507591369561
388.8323575536 26.2034398094304
389.6333855404 23.4784657456301
390.43433416 21.06889476303
391.2352034124 18.8593339896874
392.0359932976 16.747251171351
392.8367038156 14.8434439448456
393.6373349664 12.988843830197
394.43788675 11.3274554577371
395.2383591664 9.9516189255001
396.0387522156 8.8541344583489
396.8390658976 7.91269831317003
397.6393002124 7.079786226888
398.43945516 6.29424937395917
399.2395307404 5.55460825739402
400.0395269536 4.92119179319964
400.8394437996 4.37620269389163
401.6392812784 3.90025481809927
402.43903939 3.48742088457505
403.2387181344 3.11438172497133
404.0383175116 2.79472622319475
404.8378375216 2.52031038876084
405.6372781644 2.27543254922598
406.43663944 2.07514493685489
407.2359213484 1.86829549878913
408.0351238896 1.7208912533854
408.8342470636 1.59033969454025
409.6332908704 1.46374134770708
410.43225531 1.34811025994506
411.2311403824 1.25416055429253
412.0299460876 1.16114839574926
412.8286724256 1.09493900408961
413.6273193964 1.02673340077363
414.425887 0.971133678145198
415.2243752364 0.910999355118203
416.0227841056 0.873348305391036
416.8211136076 0.814686950057242
417.6193637424 0.77361077514734
418.41753451 0.743773222024654
419.2156259104 0.718670171602742
420.0136379436 0.68859311853172
420.8115706096 0.670605910851404
421.6094239084 0.64185978041247
422.40719784 0.626754560161863
423.2048924044 0.599245120926229
424.0025076016 0.583351501243482
424.8000434316 0.571282200898851
425.5974998944 0.561319021092377
426.39487699 0.546418078869354
427.1921747184 0.530016960379549
427.9893930796 0.517187509477158
428.7865320736 0.503120571390149
429.5835917004 0.491037028195468
430.38057196 0.485692784060865
431.1774728524 0.478855446940463
431.9742943776 0.48188860657716
432.7710365356 0.475122494805959
433.5676993264 0.465306763574711
434.36428275 0.460292325521994
435.1607868064 0.45992562381476
435.9572114956 0.456593284375259
436.7535568176 0.451803298227156
437.5498227724 0.448493144843724
438.34600936 0.446665464124128
439.1421165804 0.440470886010241
439.9381444336 0.43442906262816
440.7340929196 0.428463678001097
441.5299620384 0.424088239423306
442.32575179 0.424071148881518
443.1214621744 0.414392161351329
443.9170931916 0.411772763472132
444.7126448416 0.409222809463743
445.5081171244 0.408127412027742
446.30351004 0.413805980576573
447.0988235884 0.414115887504897
447.8940577696 0.407896035314411
448.6892125836 0.401773053125632
449.4842880304 0.400879114717418
450.27928411 0.396111404527716
451.0742008224 0.397803304022766
451.8690381676 0.406982313334713
452.6637961456 0.40717951508575
453.4584747564 0.401120239861464
454.253074 0.396302083774416
455.0475938764 0.386533665878746
455.8420343856 0.386496734900971
456.6363955276 0.386395019141536
457.4306773024 0.38747794572952
458.22487971 0.380327991160523
459.0190027504 0.381391127901945
459.8130464236 0.373257262311978
460.6070107296 0.368697642953992
461.4008956684 0.361992323994227
462.19470124 0.367716779307645
462.9884274444 0.368970593334197
463.7820742816 0.367020411892131
464.5756417516 0.360839103023704
465.3691298544 0.35591241214137
466.16253859 0.349025265431308
466.9558679584 0.348705709378589
467.7491179596 0.349526222996518
468.5422885936 0.353583442314517
469.3353798604 0.349345673027907
470.12839176 0.349450320214872
470.9213242924 0.346570140506022
471.7141774576 0.343757487345824
472.5069512556 0.342108528248678
473.2996456864 0.340514838402953
474.09226075 0.341955829170961
474.8847964464 0.342337187272554
475.6772527756 0.340699657486703
476.4696297376 0.338084460113459
477.2619273324 0.33342687707681
478.05414556 0.332676763757372
478.8462844204 0.33080858424771
479.6383439136 0.32784617427272
480.4303240396 0.322880057104342
481.2222247984 0.324645787461219
482.01404619 0.325361125640173
482.8057882144 0.327913547962797
483.5974508716 0.330330159773796
484.3890341616 0.330781434817945
485.1805380844 0.331163171358305
485.97196264 0.330528253932088
486.7633078284 0.330786042968593
487.5545736496 0.331986199185176
488.3457601036 0.330479845125657
489.1368671904 0.335303698796024
489.92789491 0.331135152598834
490.7188432624 0.327901915405012
491.5097122476 0.323873750640881
492.3005018656 0.319898464371514
493.0912121164 0.317700807172195
493.881843 0.314713663705111
494.6723945164 0.314299673922684
495.4628666656 0.312233302696909
496.2532594476 0.308496299616992
497.0435728624 0.307336715640786
497.83380691 0.304576839297072
498.6239615904 0.305959112225715
499.4140369036 0.30321544907031
500.2040328496 0.302986161283743
500.9939494284 0.307654758470065
501.78378664 0.306659092035551
502.5735444844 0.306519453139564
503.3632229616 0.304837910570551
504.1528220716 0.304007260547272
504.9423418144 0.301586151466419
505.73178219 0.299960226611163
506.5211431984 0.298396252106986
507.3104248396 0.293770076319894
508.0996271136 0.296922752052998
508.8887500204 0.296245547487228
509.67779356 0.288709447129818
510.4667577324 0.289687883339019
511.2556425376 0.28762970486794
512.0444479756 0.285630521110456
512.8331740464 0.28441243033427
513.62182075 0.280926969717565
514.4103880864 0.277511993455282
515.1988760556 0.277120376232259
515.9872846576 0.278169565272186
516.7756138924 0.275549929712683
517.56386376 0.275087554065977
518.3520342604 0.275320910259993
519.1401253936 0.273332525629727
519.9281371596 0.269830692663787
520.7160695584 0.269207055551378
521.50392259 0.267845183140185
522.2916962544 0.271530209295105
523.0793905516 0.270891740284964
523.8670054816 0.266716644167476
524.6545410444 0.260507155509836
525.44199724 0.257894667803476
526.2293740684 0.256056058261337
527.0166715296 0.254986969070538
527.8038896236 0.251926358552319
528.5910283504 0.250335741210569
529.37808771 0.24680546654691
530.1650677024 0.245443084919033
530.9519683276 0.242799535425604
531.7387895856 0.244392284034744
532.5255314764 0.24328253409118
533.312194 0.244959536604169
534.0987771564 0.243983153085284
534.8852809456 0.24100751155882
535.6717053676 0.23671281814755
536.4580504224 0.237152260131465
537.24431611 0.237575508911958
538.0305024304 0.237964128629172
538.8166093836 0.238931987332513
539.6026369696 0.235772566642254
540.3885851884 0.231208038837782
541.17445404 0.229278225500298
541.9602435244 0.229950788027512
542.7459536416 0.225854320256502
543.5315843916 0.226360862468752
544.3171357744 0.230128541614127
545.10260779 0.228530219584101
545.8880004384 0.226878082004743
546.6733137196 0.22652804543791
547.4585476336 0.22356615129348
548.2437021804 0.22582866970401
549.02877736 0.226109887206707
549.8137731724 0.225757744370702
550.5986896176 0.224177563071683
551.3835266956 0.225156553940734
552.1682844064 0.222986059636937
552.95296275 0.221449167788935
553.7375617264 0.219320436443675
554.5220813356 0.216642917482239
555.3065215776 0.21397095988235
556.0908824524 0.211330538307095
556.87516396 0.206858044775832
557.6593661004 0.20551474555715
558.4434888736 0.20419268718399
559.2275322796 0.201040128909743
560.0114963184 0.200366706042014
560.79538099 0.19665740567038
561.5791862944 0.194192140113397
562.3629122316 0.191167389614893
563.1465588016 0.192369641202684
563.9301260044 0.191172424460778
564.71361384 0.190004469807222
565.4970223084 0.190059877980808
566.2803514096 0.189529273261353
567.0636011436 0.189013801019359
567.8467715104 0.188517818470902
568.62986251 0.187436585999626
569.4128741424 0.18695986299033
570.1958064076 0.185306458361431
570.9786593056 0.185442095646802
571.7614328364 0.185012894532544
572.544127 0.182821380765297
573.3267417964 0.179471450108279
574.1092772256 0.178451612428213
574.8917332876 0.177458126090256
575.6741099824 0.177061475646142
576.45640731 0.174934061196501
577.2386252704 0.17050993737431
578.0207638636 0.170146604551664
578.8028230896 0.165207416464747
579.5848029484 0.162587728771476
580.36670344 0.16000353442551
581.1485245644 0.158581144639627
581.9302663216 0.157729767446501
582.7119287116 0.154628997164408
583.4935117344 0.148706867174147
584.27501539 0.145062275670203
585.0564396784 0.144268010497114
585.8377845996 0.145747562310635
586.6190501536 0.143855394812785
587.4002363404 0.143096077887373
588.18134316 0.140090545217605
588.9623706124 0.137094764535937
589.7433186976 0.135253128997836
590.5241874156 0.133420448647886
591.3049767664 0.132156791605136
592.08568675 0.133707572786943
592.8663173664 0.132476401137313
593.6468686156 0.129585954123457
594.4273404976 0.124475620527964
595.2077330124 0.123272940509209
595.98804616 0.124855051928301
596.7682799404 0.126447830216887
597.5484343536 0.126360287711155
598.3285093996 0.124037123693648
599.1085050784 0.121713780003708
599.88842139 0.118836565862036
600.6682583344 0.117615117983573
601.4480159116 0.116938495891356
602.2276941216 0.116807648344197
603.0072929644 0.117767076487358
603.78681244 0.114848947381796
604.5662525484 0.110833025314638
605.3456132896 0.107916816439763
606.1248946636 0.107733557696511
606.9040966704 0.107544935260862
607.68321931 0.107343041830488
608.4622625824 0.108223743924235
609.2412264876 0.104724226107804
610.0201110256 0.103961063904798
610.7989161964 0.102648886447639
611.577642 0.101900354237532
612.3562884364 0.101692778172675
613.1348555056 0.102577319348301
613.9133432076 0.102396062299222
614.6917515424 0.0984666561683877
615.47008051 0.0967349875998017
616.2483301104 0.0966496909430946
617.0265003436 0.0960547797698813
617.8045912096 0.0965585930357958
618.5826027084 0.0944002758949815
619.36053484 0.0944190874265256
620.1383876044 0.0933944299066007
620.9161610016 0.0913230102975567
621.6938550316 0.0892577226984515
622.4714696944 0.0899044578354295
623.24900499 0.0873222094187144
624.0264609184 0.0868981857339521
624.8038374796 0.085938812471383
625.5811346736 0.0817194596335434
626.3583525004 0.0812885849783452
627.13549096 0.0830156064066961
627.9125500524 0.0809290951501269
628.6895297776 0.0788354227624605
629.4664301356 0.0794428155282548
630.2432511264 0.078410324182974
631.01999275 0.0757293850238915
631.7966550064 0.0773986446745031
632.5732378956 0.0757937929400218
633.3497414176 0.0747323853663044
634.1261655724 0.0758493144696689
634.90251036 0.0747751505780294
635.6787757804 0.0731616851379016
636.4549618336 0.0720902363221156
637.2310685196 0.0715646164025306
638.0070958384 0.0688603783874508
638.78304379 0.0694303922944822
639.5589123744 0.0683619383550857
640.3347015916 0.0689458582057595
641.1104114416 0.0700681185488404
641.8860419244 0.0679034337178423
642.66159304 0.0668349742167075
643.4370647884 0.0668688695983681
644.2124571696 0.0647133411748252
644.9877701836 0.0653016443854172
645.7630038304 0.066442193533131
646.53815811 0.0675754324403323
647.3132330224 0.0643174233117352
648.0882285676 0.0632669527321319
648.8631447456 0.0600045579347569
649.6379815564 0.0600457313777521
650.412739 0.0595453479986042
651.1874170764 0.0584864777560597
651.9620157856 0.0552116517239397
652.7365351276 0.0546997150777194
653.5109751024 0.0530817026599494
654.28533571 0.0514613373372136
655.0596169504 0.049837144310781
655.8338188236 0.0509861579289199
656.6079413296 0.0499207058776608
657.3819844684 0.0482960121577108
658.15594824 0.046113760026888
658.9298326444 0.0472627958452689
659.7036376816 0.0478556974131494
660.4773633516 0.0495729601549344
661.2510096544 0.0485067004918698
662.02457659 0.04687569062613
662.7980641584 0.0463584632823213
663.5714723596 0.0458450007500591
664.3448011936 0.0442128916225908
665.1180506604 0.0436971715306089
665.89122076 0.0437390260971417
666.6643114924 0.042660377015661
667.4373228576 0.0393308174133168
668.2102548556 0.0360003983910234
668.9831074864 0.0343498734966066
669.75588075 0.0343851003987821
670.5285746464 0.0355480579993085
671.3011891756 0.0338925042943452
672.0737243376 0.0322306786416186
672.8461801324 0.0339614234028312
673.61855656 0.0357005470197052
674.3908536204 0.0363112068476784
675.1630713136 0.0374887308185178
675.9352096396 0.0375296232847311
676.7072685984 0.0381446979565548
677.47924819 0.0381915246005769
678.2511484144 0.037099438772796
679.0229692716 0.0354324098447487
679.7947107616 0.0366202166242301
680.5663728844 0.0366689881944433
681.33795564 0.0344203193175009
682.1094590284 0.0321692799186876
682.8808830496 0.0316359412385401
683.6522277036 0.0287991134361613
684.4234929904 0.0299927655423035
685.19467891 0.0317647928136581
685.9657854624 0.0323880229014333
686.7368126476 0.0312725490055742
687.5077604656 0.0313180905001149
688.2786289164 0.0302058047691939
689.049418 0.0296709418754216
689.8201277164 0.0303001186007909
690.5907580656 0.0309277342099671
691.3613090476 0.0315584227921268
692.1317806624 0.0304346498561866
692.90217291 0.0310669850457518
693.6724857904 0.0305266312409537
694.4427193036 0.0288091797664828
695.2128734496 0.0306225576762987
695.9829482284 0.0306714775611532
696.75294364 0.0313047134371136
697.5228596844 0.0313490663698673
698.2926963616 0.0296239665122473
699.0624536716 0.0272991267533133
699.8321316144 0.0273401899480855
700.60173019 0.0285781625568215
701.3712493984 0.0280343995464666
702.1406892396 0.0268838486976235
702.9100497136 0.0269219765227143
703.6793308204 0.0239733327325813
704.44853256 0.0240185653732611
705.2176549324 0.021054500394437
705.9866979376 0.0222953167513036
706.7556615756 0.0229368047917468
707.5245458464 0.0254003246265149
708.29335075 0.0236296748138303
709.0620762864 0.0236706719613916
709.8307224556 0.0237184303661154
710.5992892576 0.0237724805781658
711.3677766924 0.0238277349399836
712.13618476 0.0244866766276423
712.9045134604 0.0239248665763718
713.6727627936 0.0258300668451627
714.4409327596 0.0240425422594397
715.2090233584 0.0216219426150804
715.97703459 0.019814992155044
716.7449664544 0.0204865539161772
717.5128189516 0.0205372369731346
718.2805920816 0.0193338449211554
719.0482858444 0.0174987698020996
719.81590024 0.0175391900435825
720.5834352684 0.0175839207184398
721.3508909296 0.0163613230560789
722.1182672236 0.0157610543100679
722.8855641504 0.0176931294682515
723.65278171 0.0190030832170976
724.4199199024 0.0196796216576828
725.1869787276 0.0165385741546021
725.9539581856 0.0146620749573843
726.7208582764 0.0153388314908332
727.487679 0.0147370464952032
728.2544203564 0.0121999662028731
729.0210823456 0.0135129423502954
729.7876649676 0.0129038893062262
730.5541682224 0.0129414861252623
731.32059211 0.00908131020520826
732.0869366304 0.0110497342208477
732.8532017836 0.0110739523459685
733.6193875696 0.0143649569298035
734.3854939884 0.012430500097542
735.15152104 0.00851687497032616
735.9174687244 0.00852775340963354
736.6833370416 0.00985532446048806
737.4491259916 0.0111866171287652
738.2148355744 0.0105366059862838
738.98046579 0.0111974128287066
739.7460166384 0.01252103081447
740.5114881196 0.0118752842435296
741.2768802336 0.0105665517428267
742.0421929804 0.00925208125581964
742.80742636 0.0152145331337809
743.5725803724 0.018555021765404
744.3376550176 0.0205894311557637
745.1026502956 0.0199647738825986
745.8675662064 0.016002208662716
746.63240275 0.0160452408652306
747.3971599264 0.0140883405974702
748.1618377356 0.0161589450657027
748.9264361776 0.0141846023994111
749.6909552524 0.0142290788766471
750.45539496 0.0156412256007052
751.2197553004 0.0122898827104806
751.9840362736 0.0102769370832849
752.7482378796 0.0103055581519341
753.5123601184 0.00895594467613216
754.27640299 0.00760203386717252
755.0403664944 0.00901185338663381
755.8042506316 0.00833893543454912
756.5680554016 0.00556993073961842
757.3317808044 0.0055802677010911
758.09542684 0.00629144395643335
758.8589935084 0.00420306616277152
759.6224808096 0.0049098509934111
760.3858887436 0.00561632115375184
761.1492173104 0.00632691616897979
761.91246651 0.00845151846871271
762.6756363424 0.0119942301728591
763.4387268076 0.0134226212788105
764.2017379056 0.0155603303171886
764.9646696364 0.0134625792016506
765.727522 0.0134988288387107
766.4902949964 0.0149614382669692
767.2529886256 0.0157136116785238
768.0156028876 0.0171865001424567
768.7781377824 0.018682215286274
769.54059331 0.0158743988253151
770.3029694704 0.0152183294637166
771.0652662636 0.0160057449518976
771.8274836896 0.0160702299071278
772.5896217484 0.0146759303832572
773.35168044 0.0162236034433679
774.1136597644 0.0185275822987012
774.8755597216 0.0163788489465252
775.6373803116 0.0164506912261431
776.3991215344 0.0157794009125817
777.16078339 0.0120859454952372
777.9223658784 0.0129075107322279
778.6838689996 0.0129691447491431
779.4452927536 0.0122634036313133
780.2066371404 0.0107820869255964
780.96790216 0.0108368210908236
781.7290878124 0.0124487316000941
782.4901940976 0.0109463103914686
783.2512210156 0.0109983227404357
784.0121685664 0.0134190383044992
784.77303675 0.012691958799325
785.5338255664 0.0159424314254174
786.2945350156 0.0152178800402978
787.0551650976 0.0169003005425018
787.8157158124 0.0153610320818649
788.57618716 0.0194941547185562
789.3365791404 0.0179559312552433
790.0968917536 0.018863141976873
790.8571249996 0.0189519813216927
791.6172788784 0.0190416739947267
792.37735339 0.0158033772482376
793.1373485344 0.0150417558204291
793.8972643116 0.0125934289141902
794.6571007216 0.0118091749801024
795.4168577644 0.0110180464119489
796.17653544 0.0110708322304917
796.9361337484 0.00598815306438583
797.6956526896 0.00773197373498762
798.4550922636 0.00431472420871044
799.2144524704 0.00606953061038472
799.97373331 0.00697053051879183
800.7329347824 0.005252793616428
801.4920568876 0.00439618718411677
802.2510996256 0.0061792423060563
803.0100629964 0.0088646954025573
803.768947 0.00623478435224078
804.5277516364 0.00984738650024987
805.2864769056 0.0107948390716822
806.0451228076 0.012648076567004
806.8036893424 0.0136014942332516
807.56217651 0.0109245448230244
808.3205843104 0.00823125458995235
809.0789127436 0.0128689217366052
809.8371618096 0.0157045068560778
810.5953315084 0.0166954709964647
811.35342184 0.018614314152207
812.1114328044 0.019620004666659
812.8693644016 0.017835126714752
813.6272166316 0.0160393510711194
814.3849894944 0.0151659218876159
815.14268299 0.0180789481024664
815.9002971184 0.018137854868934
816.6578318796 0.0172477870196894
817.4152872736 0.0115528530014336
818.1726633004 0.0106471462695591
818.92995996 0.00972681558593218
819.6871772524 0.00683522695536218
820.4443151776 0.00979507867069125
821.2013737356 0.0108119972301913
821.9583529264 0.0118490105864206
822.71525275 0.0109207699378987
823.4720732064 0.00997927559884159
824.2288142956 0.00601082688384045
824.9854760176 0.00904111476994536
825.7420583724 0.0130926352572016
826.49856136 0.0111215671765905
827.2549849804 0.0101643095275042
828.0113292336 0.0102204434377452
828.7675941196 0.00821225217530502
829.5237796384 0.00308776833216183
830.27988579 0.00412554130198981
831.0359125744 0.00517423129350993
831.7918599916 0.00208013713511358
832.5477280416 0.00627766854646038
833.3035167244 0.00420718579658748
834.05922604 0.00316652222354344
834.8148559884 0.00528953312087866
835.5704065696 0.00848472698495956
836.3258777836 0.0074546098203181
837.0812696304 0.00856983857924009
837.83658211 0.0107772476921459
838.5918152224 0.0119091436653811
839.3469689676 0.0108535652482632
840.1020433456 0.014134793750053
840.8570383564 0.0152670978213474
841.611954 0.0186306026188791
842.3667902764 0.0176435353533867
843.1215471856 0.0166317452144969
843.8762247276 0.012238534737743
844.6308229024 0.0111443053591826
845.38534171 0.0100461056703111
846.1397811504 0.00896175474037611
846.8941412236 0.00675835694482181
847.6484219296 0.00566721207635917
848.4026232684 0.00455667423358454
849.15674524 0.00228444381339218
849.9107878444 0.00114364867082322
850.6647510816 0.00343792722989668
851.4186349516 0.00115097645396048
852.1724394544 0.00463272647855657
852.92616459 0.00699395898762666
853.6798103584 0.0058560484364382
854.4333767596 0.00469532637362957
855.1868637936 0.00822640219748017
855.9402714604 0.01060110909603
856.69359976 0.011834323672538
857.4468486924 0.0119111953191503
858.2000182576 0.0131869595378647
858.9531084556 0.0108369889621516
859.7061192864 0.0132690587426869
860.45905075 0.0132856612695013
861.2119028464 0.0145326500478814
861.9646755756 0.0170404436492562
862.7173689376 0.0232823154178173
863.4699829324 0.0221971757635251
864.22251756 0.0210572871139052
864.9749728204 0.0173773744658146
865.7273487136 0.0198876818413179
866.4796452396 0.0224405145831994
867.2318623984 0.0250647936994086
867.98400019 0.0290175509074608
868.7360586144 0.0266619925773791
869.4880376716 0.0280487347147583
870.2399373616 0.0268249769764552
870.9917576844 0.0217460618840532
871.74349864 0.0218117696141509
872.4951602284 0.0206407778293093
873.2467424496 0.0272756060862297
873.9982453036 0.0222181191606754
874.7496687904 0.0170653102336024
875.50101291 0.0131559227652939
876.2522776624 0.0105410235908552
877.0034630476 0.0171768322531319
877.7545690656 0.0172653590387908
878.5055957164 0.0187236039180889
879.256543 0.0175035211942784
880.0074109164 0.0189408363590664
880.7581994656 0.0176340373874597
881.5089086476 0.0149480576147436
882.2595384624 0.0231619546167604
883.01008891 0.027383377814345
883.7605599904 0.0303227882381414
884.5109517036 0.0291424885545612
885.2612640496 0.02232943074225
886.0114970284 0.0196117763783732
886.76165064 0.0182490628942408
887.5117248844 0.0211044489223363
888.2617197616 0.021188196039809
889.0116352716 0.0241547521687623
889.7614714144 0.0243214161567551
890.51122819 0.0201576535006319
891.2609055984 0.0202455923481453
892.0105036396 0.0232027255028226
892.7600223136 0.0247127867870911
893.5094616204 0.0277108435955384
894.25882156 0.0293150752722743
895.0081021324 0.0280311922661492
895.7573033376 0.0297136343909408
896.5064251756 0.0254074272271682
897.2554676464 0.0300220882809874
898.00443075 0.0331246860448537
898.7533144864 0.0362428642821396
899.5021188556 0.0318427243283475
900.2508438576 0.0243970595776449
900.9994894924 0.0214925319218592
901.74805576 0.0231824084576983
902.4965426604 0.0217574231995357
903.2449501936 0.0218518865070591
903.9932783596 0.0172282522460804
904.7415271584 0.0172863478788639
905.48969659 0.0157839893285918
906.2377866544 0.0158780196458676
906.9857973516 0.014390046507215
907.7337286816 0.0193204291482324
908.4815806444 0.0259145243882474
909.22935324 0.0309253863751034
909.9770464684 0.0261492553493586
910.7246603296 0.0262501494321113
911.4721948236 0.0296689932922861
912.2196499504 0.0315040350145952
912.96702571 0.0300570030767105
913.7143221024 0.0218714061383885
914.4615391276 0.0203278778821861
915.2086767856 0.0221453832337523
915.9557350764 0.0256692808412065
916.702714 0.0274891280809604
917.4496135564 0.0241496350038134
918.1964337456 0.0242696317043103
918.9431745676 0.0191855379940379
919.6898360224 0.0228149632196822
920.43641811 0.0264640561538037
921.1829208304 0.0247936700860916
921.9293441836 0.0319399293102816
922.6756881696 0.0284106927179159
923.4219527884 0.0248649981140521
924.16813804 0.0195490920280928
924.9142439244 0.0178050763527621
925.6602704416 0.0214250053556847
926.4062175916 0.0250563401106524
927.1520853744 0.0340632079863466
927.89787379 0.0305047117447682
928.6435828384 0.030514035183378
929.3892125196 0.0359214733454614
930.1347628336 0.0305833706127944
930.8802337804 0.0324813781921452
931.62562536 0.0344566453339672
932.3709375724 0.0346631291153808
933.1161704176 0.0348831546688118
933.8613238956 0.03694384349777
934.6063980064 0.0390200747161342
935.35139275 0.035505321113724
936.0963081264 0.0282006566975303
936.8411441356 0.0246148637738141
937.5859007776 0.0267319857948374
938.3305780524 0.0289175875085281
939.07517596 0.033117338973359
939.8196945004 0.0314919833831593
940.5641336736 0.0337914338611553
941.3084934796 0.0280800962524199
942.0527739184 0.0182106255571634
942.79697499 0.0183717246356966
943.5410966944 0.0144224637405106
944.2851390316 0.0187263745048855
945.0291020016 0.0168183562483246
945.7729856044 0.0169966463014449
946.51678984 0.0171652046524685
947.2605147084 0.0129879309581288
948.0041602096 0.0130976933934042
948.7477263436 0.0132070819095554
949.4912131104 0.0221966350553019
950 0.023675832625537
950.1 0.0227445033101686
950.2 0.0212876006977534
950.3 0.0187947396087059
950.4 0.017856244951154
950.5 0.0164452804835486
950.6 0.0147204727828507
950.7 0.0129018907506804
950.8 0.0112480001352096
950.9 0.0100259994836771
951 0.00947886839065366
951.4546673696 0.0111165516678026
953.0678593429 0.00915624065888898
954.68092721 0.0125345563437747
956.2938709709 0.00945769885560533
957.9066906256 -0.00263919836705894
959.5193861741 0.0056365673935213
961.1319576164 0.00112395036249545
962.7444049525 0.00224136946649095
964.3567281824 -0.00260782304380356
965.9689273061 0.00371573993977409
967.5810023236 0.0022242971376931
969.1929532349 0.00850884864733722
970.80478004 0.0110748960856874
972.4164827389 0.00884118703317178
974.0280613316 0.012497570121321
975.6395158181 0.0176020359664308
977.2508461984 0.013533830022639
978.8620524725 0.0109442508174806
980.4731346404 0.0141903735657168
982.0840927021 0.0134230490787708
983.6949266576 0.00578474712064591
985.3056365069 0.00540370137724405
986.91622225 0.00358864178446609
988.5266838869 0.00214510685922217
990.1370214176 -0.00178037387402917
991.7472348421 -0.00283688642309651
993.3573241604 -0.0031778186930958
994.9672893725 -0.00281209513859441
996.5771304784 0.000699926534374051
998.1868474781 -0.00139283672577947
999.7964403716 0.00138650749425213
1001.4059091589 0.00241537336237512
1003.01525384 0.010648210839378
1004.6244744149 0.00444461127501485
1006.2335708836 0.00646435080342525
1007.8425432461 0.00913990287411115
1009.4513915024 0.0107787479900955
1011.0601156525 0.00837871761798119
1012.6687156964 0.0096699434287833
1014.2771916341 0.0149281170951741
1015.8855434656 0.0132046393276978
1017.4937711909 0.0147809661146173
1019.10187481 0.0160147072911933
1020.7098543229 0.0104044531914303
1022.3177097296 0.0132616601071906
1023.9254410301 0.0122242995134739
1025.5330482244 0.0147157869908598
1027.1405313125 0.0155865866515604
1028.7478902944 0.0170820768081548
1030.3551251701 0.0154142539034451
1031.9622359396 0.00656921075582771
1033.5692226029 0.00933001079775381
1035.17608516 0.0102022447957992
1036.7828236109 0.0101421303512436
1038.3894379556 0.00947245017484358
1039.9959281941 0.00972180279740925
1041.6022943264 0.0099705364017663
1043.2085363525 0.0102161565342502
1044.8146542724 0.00627802055583954
1046.4206480861 0.00892539903838975
1048.0265177936 0.00977497247066377
1049.6322633949 0.0144565378653739
1051.23788489 0.0152853741326501
1052.8433822789 0.01640822766297
1054.4487555616 0.00905883981968891
1056.0540047381 0.0104968271327668
1057.6591298084 0.00902284263402637
1059.2641307725 0.00668498610173564
1060.8690076304 0.00609865088111321
1062.4737603821 0.00754665967793636
1064.0783890276 0.00609275755743042
1065.6828935669 0.005800508044637
1067.287274 0.00521937956709029
1068.8915303269 0.00289889637051906
1070.4956625476 -0.0011591258907306
1072.0996706621 0.00868895632620337
1073.7035546704 0.00868471281971912
1075.3073145725 0.00607703224503499
1076.9109503684 0.00809898024362786
1078.5144620581 0.00954040556219545
1080.1178496416 0.0069324977497657
1081.7211131189 0.0060611480338844
1083.32425249 0.00547962155160323
1084.9272677549 0.00576276911451572
1086.5301589136 0.00633365710387501
1088.1329259661 0.00747966454027732
1089.7355689124 0.00373666882390325
1091.3380877525 0.00430705813958192
1092.9404824864 0.00573655062551009
1094.5427531141 0.00773588921808497
1096.1448996356 0.00143087873501958
1097.7469220509 0.00657464206378946
1099.34882036 0.00856392616075972
1100.9505945629 0.0139656795013346
1102.5522446596 0.0136582901308341
1104.1537706501 0.0159096534627503
1105.7551725344 0.0139001637702552
1107.3564503125 0.0144438993644025
1108.9576039844 0.0138541560013373
1110.5586335501 0.0180628413821481
1112.1595390096 0.0166242871635474
1113.7603203629 0.0191322953464635
1115.36097761 0.0154529917574282
1116.9615107509 0.0154275112213008
1118.5619197856 0.00755977286829864
1120.1622047141 0.00698627640741838
1121.7623655364 0.00529859153690331
1123.3624022525 0.00528692328117167
1124.9623148624 0.00555215626955668
1126.5621033661 0.00719897792677134
1128.1617677636 0.00883466407129722
1129.7613080549 0.0101796705752721
1131.36072424 0.00986708815930475
1132.9600163189 0.0109206983838302
1134.5591842916 0.00978827493127693
1136.1582281581 0.0121835675578519
1137.7571479184 0.0124011002953355
1139.3559435725 0.00939481283668931
1140.9546151204 0.00641362765695193
1142.5531625621 0.00824768048216293
1144.1515858976 0.00715235127879449
1145.7498851269 0.00395516385195898
1147.34806025 -3.10412238611683E-09
1148.9461112669 0.00130645715079196
1150.5440381776 1.59793791852685E-08
1152.1418409821 -0.00207117588956164
1153.7395196804 -0.00386637876368501
1155.3370742725 -0.004874958543501
1156.9345047584 -0.00383021852952213
1158.5318111381 0.00228734049374437
1160.1289934116 -0.000506031521864027
1161.7260515789 -0.00277036344040993
1163.32298564 -0.00175527899115631
1164.9197955949 0.000998843348434802
1166.5164814436 -0.000497351827668568
1168.1130431861 0.00544884410465674
1169.7094808224 0.00666020388289326
1171.3057943525 0.010567180689031
1172.9019837764 0.00906024844646069
1174.4980490941 0.011957723389841
1176.0939903056 0.0102123140448298
1177.6898074109 0.0106607586563377
1179.28550041 0.0111078372127611
1180.8810693029 0.00962866808597933
1182.4765140896 0.00839860805023477
1184.0718347701 0.0102872153450443
1185.6670313444 0.00476951215316547
1187.2621038125 0.00332872150749359
1188.8570521744 0.00213342011816113
1190.4518764301 0.00709024238089308
1192.0465765796 0.000235560020487244
1193.6411526229 -0.00188030601275653
1195.23560456 0.00117176432217401
1196.8299323909 0.00210314112731354
1198.4241361156 0.00116500216787426
1200.0182157341 0.00162666049649063
1201.6121712464 0.00185438876165407
1203.2060026525 0.000462473201505476
1204.7997099524 0.00230653363953912
1206.3932931461 0.00115022014386518
1207.9867522336 -0.00275391223262349
1209.5800872149 0.00412112566823984
1211.17329809 0.00913673150972411
1212.7663848589 0.00524236420014251
1214.3593475216 0.00477632514086453
1215.9521860781 0.00499295970509223
1217.5449005284 0.00792855818926669
1219.1374908725 0.00452183473102305
1220.7299571104 0.00654594649071664
1222.3222992421 0.00428309486083393
1223.9145172676 0.00405297627694931
1225.5066111869 0.00337375447447544
1227.098581 -0.00067388498881867
1228.6904267069 -0.00516424986699232
1230.2821483076 -0.00561135395798102
1231.8737458021 -0.00897565461902681
1233.4652191904 -0.00964759703581914
1235.0565684725 -0.0179437409741202
1236.6477936484 -0.0134582645322753
1238.2388947181 -0.0170484287363687
1239.8298716816 -0.015257823746436
1241.4207245389 -0.0172806618619807
1243.01145329 -0.0154865184054628
1244.6020579349 -0.0141424410001024
1246.1925384736 -0.0123475874527686
1247.7828949061 -0.0116734858476725
1249.3731272324 -0.00987851171069296
1250.9632354525 -0.00898188195376213
1252.5532195664 -0.00359319199340167
1254.1430795741 -0.00426724085294203
1255.7328154756 0.000224652512701416
1257.3224272709 0.00157217963670006
1258.91191496 0.00157212304015117
1260.5012785429 0.000898428293797507
1262.0905180196 0.00269505418056128
1263.6796333901 0.000449147978374923
1265.2686246544 -0.000449188172040273
1266.8574918125 -0.000224556676463333
1268.4462348644 -0.00157178626211624
1270.0348538101 -0.0015716311858624
1271.6233486496 -0.00246857517026908
1273.2117193829 -0.00403743423689603
1274.79996601 -0.00582817155902623
1276.3880885309 -0.00313640486584156
1277.9760869456 -0.00291051282023975
1279.5639612541 -0.00246140806941096
1281.1517114564 -0.000894336950781172
1282.7393375525 -0.00223393181697135
1284.3268395424 0.00200887327737351
1285.9142174261 0.000446111787547297
1287.5014712036 0.000891263016255551
1289.0886008749 -0.00111301886701841
1290.67560644 -0.00266885666672222
1292.2624878989 -0.00222270958387861
1293.8492452516 -0.00244356313857981
1295.4358784981 -0.00266441557140657
1297.0223876384 -0.00443787737401507
1298.6087726725 -0.00576582146927553
1300.1950336004 -0.0026587895680696
1301.7811704221 -0.00398530361431382
1303.3671831376 -0.00243337477008071
1304.9530717469 -0.00265284227557074
1306.53883625 -0.00265048546461283
1308.1244766469 0.00110326877274012
1309.7099929376 -0.00264499225270111
1311.2953851221 -0.00176086638976682
1312.8806532004 -0.00395562522798093
1314.4657971725 -0.00460787900596957
1316.0508170384 -0.00394381670047656
1317.6357127981 -0.00503167903706626
1319.2204844516 -0.00677060326405937
1320.8051319989 -0.00523401550198401
1322.38965544 -0.00544283699494524
1323.9740547749 -0.00434732115269885
1325.5583300036 -0.00651044621548472
1327.1424811261 0.0013000576305898
1328.7265081424 0.00129815578707074
1330.3104110525 0.00324118223627391
1331.8941898564 0.00237360298867586
1333.4778445541 0.00452587070664398
1335.0613751456 0.00387483809726147
1336.6447816309 0.00236586021994621
1338.22806401 0.00236435368561605
1339.8112222829 0.0017197501443304
1341.3942564496 0.00279708963616983
1342.9771665101 0.00301854481465875
1344.5599524644 -0.00194632063019829
1346.1426143125 -0.00152013623002938
1347.7251520544 -2.57767644348837E-08
1349.3075656901 0.000879770372165144
1350.8898552196 0.00310514448062429
1352.4720206429 0.00447701050420747
1354.05406196 0.00429383786280655
1355.6359791709 0.00593227917738384
1357.2177722756 0.0069078680678245
1358.7994412741 0.00766354118506732
1360.3809861664 0.00794727617790703
1361.9624069525 0.00891891551049101
1363.5437036324 0.00729098596640322
1365.1248762061 0.00705399302795315
1366.7059246736 0.00867962477449122
1368.2868490349 0.00444281013260477
1369.86764929 0.00116508201986727
1371.4483254389 0.00673285008063191
1373.0288774816 0.00624347422585093
1374.6093054181 0.00276478190008348
1376.1896092484 0.00275465089616293
1377.7697889725 0.00434892698462034
1379.3498445904 0.00434173657061752
1380.9297761021 0.00410637692082691
1382.5095835076 0.00432738548841191
1384.0892668069 0.00340885823852003
1385.668826 0.00362519200692017
1387.2482610869 0.00587277931594717
1388.8275720676 0.00337535849174328
1390.4067589421 0.00358722274158674
1391.9858217104 0.00736738645581156
1393.5647603725 0.00288986834171332
1395.1435749284 0.00331799361216282
1396.7222653781 0.00374140238667742
1398.3008317216 0.00525899599167045
1399.8792739589 0.00436358861090474
1401.45759209 0.00477962459496588
1403.0357861149 0.00562713813494529
1404.6138560336 0.00624475115303409
1406.1918018461 0.0051436991654844
1407.7696235524 0.00191861495734416
1409.3473211525 0.00317882855022858
1410.9248946464 0.00779468177665281
1412.5023440341 0.00377185832955817
1414.0796693156 0.00437631299299998
1415.6568704909 0.00497439609844411
1417.23394756 0.00206259040513581
1418.8109005229 0.00184801650651475
1420.3877293796 0.00265739074836012
1421.9644341301 0.0063143107043137
1423.5410147744 0.00771203278187568
1425.1174713125 0.0105195499561816
1426.6938037444 0.00827191797629763
1428.2700120701 0.00523356835524501
1429.8460962896 0.00682870075886311
1431.4220564029 0.0094243324731551
1432.99789241 0.0084091878831781
1434.5736043109 0.012997193733278
1436.1491921056 0.0115806259191122
1437.7246557941 0.01116789296273
1439.2999953764 0.00597421133979602
1440.8752108525 0.00716094561871255
1442.4503022224 0.0069528054966447
1444.0252694861 0.00575506117522712
1445.6001126436 0.00733082727450101
1447.1748316949 0.00712343692675072
1448.74942664 0.0051367593019925
1450.3238974789 0.00453782286076857
1451.8982442116 0.00118189680950491
1453.4724668381 0.000787065868732687
1455.0465653584 -0.00137601545062975
1456.6205397725 0.00176776718184844
1458.1943900804 -0.000588855018171934
1459.7681162821 -0.00137363328767021
1461.3417183776 0.000196150983472861
1462.9151963669 -0.00137353547405623
1464.48855025 0.00098118741046856
1466.0617800269 -0.00137422744480795
1467.6348856976 -0.000981846941265072
1469.2078672621 2.73543330443283E-08
1470.7807247204 0.00255404211204513
1472.3534580725 0.0053041601959447
1473.9260673184 0.00294604131491814
1475.4985524581 0.00333845675785301
1477.0709134916 0.00314077484323654
1478.6431504189 0.00117727855781626
1480.21526324 0.00215642866604856
1481.7872519549 -0.000195869522470916
1483.3591165636 -0.000587113409740639
1484.9308570661 0.00136906839324759
1486.5024734624 0.000781793489754605
1488.0739657525 0.000195312207896668
1489.6453339364 -0.00136712993377683
1491.2165780141 -0.000390480832190147
1492.7876979856 -0.000390201681319852
1494.3586938509 -4.23259154240173E-08
1495.92956561 0.00350689541364667
1497.5003132629 0.00272669222728251
1499.0709368096 0.00311476043897446
1500.6414362501 0.00603350566541792
1502.2118115844 0.00350208967734606
1503.7820628125 0.0060310674106962
1505.3521899344 0.0073945207233986
1506.9221929501 0.00564567362901002
1508.4920718596 0.00720648506430785
1510.0618266629 0.00584826579738215
1511.63145736 0.00760960414899788
1513.2009639509 0.00566497320993882
1514.7703464356 0.00860525427446596
1516.3396048141 0.00861947198192305
1517.9087390864 0.00706311036383024
1519.4777492525 0.00864898292251663
1521.0466353124 0.00885990695348158
1522.6153972661 0.00571937012143889
1524.1840351136 0.00572764686081043
1525.7525488549 0.00455268039919984
1527.32093849 0.00317254249773055
1528.8892040189 0.00158941755628115
1530.4573454416 0.00298493836356291
1532.0253627581 -0.000398752168070954
1533.5932559684 0.000199653079192787
1535.1610250725 0.00219954821563931
1536.7286700704 0.00180151860286441
1538.2961909621 -0.000400909751306366
1539.8635877476 0.00120368232800018
1541.4308604269 0.00381636840174276
1542.998009 0.00200977106465528
1544.5650334669 0.00442649914695459
1546.1319338276 0.0046318514985433
1547.6987100821 0.00322597886172599
1549.2653622304 0.0036325123659761
1550.8318902725 0.000606191325217171
1552.3982942084 -0.000404461051513668
1553.9645740381 0.000607481948503441
1555.5307297616 -1.21419848927658E-08
1557.0967613789 -0.00162352855606402
1558.66266889 -0.00243788561868288
1560.2284522949 -0.00162712334331492
1561.7941115936 -0.00183196842698971
1563.3596467861 -0.00163019375285613
1564.9250578724 -0.00122376199215682
1566.4903448525 0.00163339783248375
1568.0555077264 0.00347347440105483
1569.6205464941 0.000204543823548779
1571.1854611556 -0.0016377942588075
1572.7502517109 0.000205033009922416
1574.31491816 0.00164153245982913
1575.8794605029 -0.000821750097934251
1577.4438787396 0.00164558317771629
1579.0081728701 0.00205991845481367
1580.5723428944 0.00206247783459259
1582.1363888125 0.00206550402990011
1583.7003106244 3.68402075533428E-08
1585.2641083301 0.00062159614434516
1586.8277819296 0.0016600849402875
1588.3913314229 0.000207895776236738
1589.95475681 -0.00270740829300261
1591.5180580909 -0.00292148340273712
1593.0812352656 8.65141052027125E-09
1594.6442883341 0.000628359425952231
1596.2072172964 0.000419655883075807
1597.7700221525 -5.20806058344988E-08
1599.3327029024 0.000421288794757937
1600.8952595461 -0.000210667577023305
1602.4576920836 -0.00147728890997308
1604.0200005149 -0.000423094255390619
1605.58218484 0.00169535658423052
1607.1442450589 0.00403516960530544
1608.7061811716 0.00361737713695497
1610.2679931781 0.0038391078646427
1611.8296810784 0.000855012279799713
1613.3912448725 0.00214357610633116
1614.9526845604 0.00107473459461675
1616.5140001421 0.00366741296543192
1618.0751916176 0.00281319747468843
1619.6362589869 0.00477916389353322
1621.19720225 0.00588787543308232
1622.7580214069 0.00350642404816683
1624.3187164576 0.00242338169652615
1625.8792874021 0.000886922384392061
1627.4397342404 0.00156344700861055
1629.0000569725 0.00157725448266425
1630.5602555984 -0.000910388446553597
1632.1203301181 -0.000691303049257251
1633.6802805316 -0.00443910363400462
1635.2401068389 -0.00166434591904845
1636.79980904 -0.000970385137188194
1638.3593871349 -0.00497127817157726
1639.9188411236 -0.00178896613791169
1641.4781710061 -0.00184814235791467
1643.0373767824 -0.000273858960284343
1644.5964584525 -0.000856614066355757
1646.1554160164 0.00209302771551959
1647.7142494741 0.00440752406529434
1649.2729588256 0.00532433592562982
1650.8315440709 0.00353510904396714
1652.39000521 0.000376932527627314
1653.9483422429 -0.00161381853166842
1655.5065551696 0.000432918800727298
1657.0646439901 -0.00372624765715208
1658.6226087044 -0.00250760725342423
1660.1804493125 -0.00540957020926557
1661.7381658144 -0.00349814928350085
1663.2957582101 -0.0144557192969977
1664.8532264996 -0.00811101989347158
1666.4105706829 -0.00798766750060242
1667.96779076 -0.00311080778877677
1669.5248867309 0.00748687410475965
1671.0818585956 0.0115221420794561
1672.6387063541 0.0160267990290495
1674.1954300064 0.0269607777248134
1675.7520295525 0.0242903697384327
1677.3085049924 0.0300354668205566
1678.8648563261 0.0234001504288708
1680.4210835536 0.028197355412709
1681.9771866749 0.0115457914563174
1683.53316569 0.00133773844433425
1685.0890205989 0.00278678403211823
1686.6447514016 -0.0188024792542127
1688.2003580981 -0.0299820787898537
1689.7558406884 -0.018588237379915
1691.3111991725 -0.0319937397224788
1692.8664335504 -0.0461286770873151
1694.4215438221 -0.0220397170037647
1695.9765299876 -0.0365328344910163
1697.5313920469 -0.0356861113174848
1699.08613 -0.0383336113061813
1700.6407438469 -0.0354700851875897
1702.1952335876 -0.0323712941430102
1703.7495992221 -0.0446586471105633
1705.3038407504 -0.0296342921072769
1706.8579581725 -0.06230700853597
1708.4119514884 -0.0367327902072955
1709.9658206981 0.114263370119424
1711.5195658016 -0.348968447647557
1713.0731867989 0.140475369514721
1714.62668369 -0.261977619783815
1716.1800564749 -0.261977619783815
