293.753818 0
294.5642113164 0
295.3745252656 0
296.1847598476 0
296.9949150624 1.58671871961403
297.80499091 1.31083185641364
298.6149873904 1.26820045095134
299.4249045036 1.3166087985753
300.2347422496 1.10696118671418
301.0445006284 0.952423439890601
301.85417964 1.00700624275326
302.6637792844 1.13063247586809
303.4732995616 1.09558389938277
304.2827404716 1.16930707438187
305.0921020144 1.16881878610016
305.90138419 1.24140440953933
306.7105869984 1.24034337819381
307.5197104396 1.20280251581743
308.3287545136 1.29569063392274
309.1377192204 1.41779686497146
309.94660456 1.34737300646266
310.7554105324 1.24994121836815
311.5641371376 1.10530944104491
312.3727843756 1.07884116001174
313.1813522464 1.08038744105694
313.98984075 1.08018266869109
314.7982498864 1.02488898164328
315.6065796556 0.922083307038349
316.4148300576 0.87678699759273
317.2230010924 0.810332760895257
318.03109276 0.767205268367205
318.8391050604 0.864220898389033
319.6470379936 0.889566190135233
320.4548915596 0.893267172708232
321.2626657584 0.894624907360564
322.07036059 0.786257796925975
322.8779760544 0.828784662084666
323.6855121516 0.825091906879566
324.4929688816 0.934690735127583
325.3003462444 0.943943054957134
326.10764424 0.91478906893809
326.9148628684 0.880288074465981
327.7220021296 0.815352541797523
328.5290620236 0.80790608146288
329.3360425504 0.831925139359714
330.14294371 0.775786367597441
330.9497655024 0.782339378606313
331.7565079276 0.675358032314054
332.5631709856 0.687365270961333
333.3697546764 0.739872393929588
334.176259 0.80271337949113
334.9826839564 0.902128301004877
335.7890295456 0.965890391725148
336.5952957676 1.00518100505929
337.4014826224 1.10922675043771
338.20759011 1.22402567222364
339.0136182304 1.43353179277944
339.8195669836 1.6098636839074
340.6254363696 1.81040135281139
341.4312263884 1.98924250138071
342.23693704 2.06067657642506
343.0425683244 2.24089035159426
343.8481202416 2.40956129320609
344.6535927916 2.61449075809469
345.4589859744 2.86300271048796
346.26429979 3.04485787029533
347.0695342384 3.21473626581639
347.8746893196 3.3936358702978
348.6797650336 3.59620451823571
349.4847613804 3.86381428877831
350.28967836 4.12087231236379
351.0945159724 4.48141792216343
351.8992742176 4.86911836710148
352.7039530956 5.35930823621297
353.5085526064 6.06101001462418
354.31307275 6.94838646640058
355.1175135264 8.12239280261008
355.9218749356 9.76164133850571
356.7261569776 11.8318182839158
357.5303596524 14.546242326667
358.33448296 17.979193454821
359.1385269004 22.3992273304913
359.9424914736 27.7608765768651
360.7463766796 33.7833393688742
361.5501825184 40.5799724253608
362.35390899 48.0232600355309
363.1575560944 55.9283323571731
363.9611238316 63.7300707328268
364.7646122016 71.5516483193769
365.5680212044 78.9229904738464
366.37135084 85.0732284554612
367.1746011084 89.7631856311499
367.9777720096 93.7431533621297
368.7808635436 95.8029843685343
369.5838757104 96.2058518918851
370.38680851 95.2977243360381
371.1896619424 93.3115558431437
371.9924360076 90.0681781139712
372.7951307056 86.1034000970163
373.5977460364 81.9711171863008
374.400282 77.1719279262803
375.2027385964 71.7444466218859
376.0051158256 66.4528505778011
376.8074136876 61.8932669793788
377.6096321824 57.5948425458762
378.41177131 53.394174587362
379.2138310704 49.2206348051773
380.0158114636 44.9277067312542
380.8177124896 40.7505134733498
381.6195341484 36.6451699306763
382.42127644 32.9357830996455
383.2229393644 29.5455671556336
384.0245229216 26.4402208078115
384.8260271116 23.6135575039909
385.6274519344 21.009951204268
386.42879739 18.6846080129241
387.2300634784 16.6296379478157
388.0312501996 14.6775924565828
388.8323575536 13.0081214875331
389.6333855404 11.6336832012656
390.43433416 10.406774525826
391.2352034124 9.28892192166867
392.0359932976 8.2310099784898
392.8367038156 7.31700745323267
393.6373349664 6.43687782608112
394.43788675 5.61686995454312
395.2383591664 4.92513370931825
396.0387522156 4.39015098294485
396.8390658976 3.91648761741986
397.6393002124 3.49406863335087
398.43945516 3.09137381924543
399.2395307404 2.74429614894346
400.0395269536 2.43662548819986
400.8394437996 2.17709527311305
401.6392812784 1.92549982443606
402.43903939 1.71947388712742
403.2387181344 1.5333411546724
404.0383175116 1.3922159439038
404.8378375216 1.26536999416238
405.6372781644 1.15041645595178
406.43663944 1.04134962456739
407.2359213484 0.954946866147379
408.0351238896 0.876081250989746
408.8342470636 0.806997822243139
409.6332908704 0.744655093164306
410.43225531 0.698028692438443
411.2311403824 0.650657378896842
412.0299460876 0.609288836510243
412.8286724256 0.58007221381033
413.6273193964 0.545465743955017
414.425887 0.514018050409601
415.2243752364 0.495976401269237
416.0227841056 0.4745226818512
416.8211136076 0.439617280247776
417.6193637424 0.415649884663009
418.41753451 0.396424945051241
419.2156259104 0.3758077238305
420.0136379436 0.365343525924839
420.8115706096 0.357033212900099
421.6094239084 0.339594499647388
422.40719784 0.324443362831132
423.2048924044 0.316931293303313
424.0025076016 0.300683197213707
424.8000434316 0.295434386048668
425.5974998944 0.292101889504067
426.39487699 0.290615515299685
427.1921747184 0.28050035504626
427.9893930796 0.275610700783038
428.7865320736 0.264184400122856
429.5835917004 0.259670939405895
430.38057196 0.26013761728917
431.1774728524 0.260605371693074
431.9742943776 0.251424004267689
432.7710365356 0.255103103263184
433.5676993264 0.246064196536729
434.36428275 0.248093378813999
435.1607868064 0.245400221861841
435.9572114956 0.251969828830987
436.7535568176 0.253859617339438
437.5498227724 0.254149666259429
438.34600936 0.248479725701708
439.1421165804 0.244384371825728
439.9381444336 0.243283719422453
440.7340929196 0.245044478037514
441.5299620384 0.242542102416127
442.32575179 0.244335763538947
443.1214621744 0.239182645347184
443.9170931916 0.239630218039191
444.7126448416 0.23598841285821
445.5081171244 0.236500932054177
446.30351004 0.235698723454329
447.0988235884 0.234934576209542
447.8940577696 0.235530421411813
448.6892125836 0.22828344291021
449.4842880304 0.231478654387604
450.27928411 0.228183927419621
451.0742008224 0.226230118384394
451.8690381676 0.228064791740273
452.6637961456 0.223577571787168
453.4584747564 0.221610022439388
454.253074 0.218398995946187
455.0475938764 0.218795898495775
455.8420343856 0.22154657779634
456.6363955276 0.221822659111563
457.4306773024 0.223275697681428
458.22487971 0.216497664828211
459.0190027504 0.212144908096612
459.8130464236 0.207878815511435
460.6070107296 0.204835207887594
461.4008956684 0.206372535211748
462.19470124 0.205656379474953
462.9884274444 0.201662896736747
463.7820742816 0.19669985642819
464.5756417516 0.194049600924964
465.3691298544 0.18823645889491
466.16253859 0.189013652303462
466.9558679584 0.190884763088976
467.7491179596 0.194890416791303
468.5422885936 0.19889384587768
469.3353798604 0.194548896523737
470.12839176 0.192408815822832
470.9213242924 0.1913925738022
471.7141774576 0.190407643290581
472.5069512556 0.193591377702385
473.2996456864 0.188611540424655
474.09226075 0.186708915004926
474.8847964464 0.181775047437388
475.6772527756 0.1819105595865
476.4696297376 0.176047028710951
477.2619273324 0.172190593264548
478.05414556 0.172282022606855
478.8462844204 0.173283645619574
479.6383439136 0.170287206008262
480.4303240396 0.171168193156153
481.2222247984 0.17102167622921
482.01404619 0.173720829668488
482.8057882144 0.176351873643645
483.5974508716 0.175106466873354
484.3890341616 0.170092452870399
485.1805380844 0.173514010230791
485.97196264 0.174988717975967
486.7633078284 0.181935481198019
487.5545736496 0.181501159774823
488.3457601036 0.181088058123728
489.1368671904 0.179790827375434
489.92789491 0.177620227816238
490.7188432624 0.173702612105588
491.5097122476 0.173381225420994
492.3005018656 0.177433117501025
493.0912121164 0.178818274023588
493.881843 0.175897801120893
494.6723945164 0.17213995633077
495.4628666656 0.168455919438178
496.2532594476 0.16650650333545
497.0435728624 0.167106856352374
497.83380691 0.167728846186322
498.6239615904 0.167492830304279
499.4140369036 0.165617948783391
500.2040328496 0.162960427715169
500.9939494284 0.16034172452046
501.78378664 0.161019379670393
502.5735444844 0.160101230378291
503.3632229616 0.161623214405
504.1528220716 0.157577570434162
504.9423418144 0.15356665078802
505.73178219 0.151164141221164
506.5211431984 0.149592786957953
507.3104248396 0.148056869081924
508.0996271136 0.15195308472272
508.8887500204 0.152754672776455
509.67779356 0.148964706237484
510.4667577324 0.146757762563712
511.2556425376 0.146100549067402
512.0444479756 0.146227534239407
512.8331740464 0.147112755376299
513.62182075 0.14797771995277
514.4103880864 0.147360881080341
515.1988760556 0.145267479346026
515.9872846576 0.146134547285488
516.7756138924 0.141840797974678
517.56386376 0.142695239561152
518.3520342604 0.144985597910564
519.1401253936 0.145051207912428
519.9281371596 0.143622253610676
520.7160695584 0.141462706380282
521.50392259 0.139310904633435
522.2916962544 0.139340643495146
523.0793905516 0.140070153796652
523.8670054816 0.137959590256237
524.6545410444 0.133776550407912
525.44199724 0.133855503757455
526.2293740684 0.13256562076152
527.0166715296 0.12992776566151
527.8038896236 0.128041968667114
528.5910283504 0.129652914940776
529.37808771 0.128561222140702
530.1650677024 0.12889426459637
530.9519683276 0.128583479153793
531.7387895856 0.128342436150818
532.5255314764 0.131524823133493
533.312194 0.129967006379334
534.0987771564 0.129129923125434
534.8852809456 0.12627665329319
535.6717053676 0.126836880263827
536.4580504224 0.126031716950102
537.24431611 0.123189546342536
538.0305024304 0.123040526319071
538.8166093836 0.121493129297536
539.6026369696 0.121930327966237
540.3885851884 0.120310982915244
541.17445404 0.115982038675911
541.9602435244 0.116314451295606
542.7459536416 0.112596107422622
543.5315843916 0.11218679377418
544.3171357744 0.11242127765663
545.10260779 0.112620779300949
545.8880004384 0.111474007198346
546.6733137196 0.110328458215886
547.4585476336 0.109835436155153
548.2437021804 0.108063407032719
549.02877736 0.10758148063437
549.8137731724 0.108391506629579
550.5986896176 0.109855516667866
551.3835266956 0.111944392773612
552.1682844064 0.110861663260607
552.95296275 0.108518489438591
553.7375617264 0.107462788417392
554.5220813356 0.107071208521903
555.3065215776 0.108547014044742
556.0908824524 0.107531887104667
556.87516396 0.106527557577846
557.6593661004 0.104919277706134
558.4434888736 0.103943282016069
559.2275322796 0.101134767538292
560.0114963184 0.102017744155126
560.79538099 0.100461374187471
561.5791862944 0.101345690044211
562.3629122316 0.100424998049763
563.1465588016 0.101312305498308
563.9301260044 0.0985937075296633
564.71361384 0.0977010836839489
565.4970223084 0.0980199282241914
566.2803514096 0.099534288259978
567.0636011436 0.0998579634445539
567.8467715104 0.0995959303255266
568.62986251 0.0975632292600593
569.4128741424 0.0979048652349339
570.1958064076 0.0982434017272525
570.9786593056 0.0968305112179194
571.7614328364 0.0954354319043143
572.544127 0.0946247379056236
573.3267417964 0.0943988027097958
574.1092772256 0.0930055706952641
574.8917332876 0.0904703156047672
575.6741099824 0.0891108309794961
576.45640731 0.0871797891982423
577.2386252704 0.0852563328922222
578.0207638636 0.0850746649483234
578.8028230896 0.0820313710457829
579.5848029484 0.0795776526438395
580.36670344 0.0805744269611733
581.1485245644 0.0798622073998073
581.9302663216 0.0791507874653607
582.7119287116 0.077884134660583
583.4935117344 0.0743544864371339
584.27501539 0.0747987327370114
585.0564396784 0.0746808984529863
585.8377845996 0.0768291841652612
586.6190501536 0.0750314479590237
587.4002363404 0.0743658725129733
588.18134316 0.0748284177679822
588.9623706124 0.074728781279771
589.7433186976 0.0740814237393528
590.5241874156 0.072316975468951
591.3049767664 0.0711191073079542
592.08568675 0.0727288221914009
592.8663173664 0.0709903101052605
593.6468686156 0.0692622688844096
594.4273404976 0.06530858796267
595.2077330124 0.0641472799192882
595.98804616 0.0629856662197615
596.7682799404 0.0629461655393145
597.5484343536 0.0590060187272718
598.3285093996 0.056735216380664
599.1085050784 0.0550220189946821
599.88842139 0.0544211785789417
600.6682583344 0.0543699341318759
601.4480159116 0.0520964919803281
602.2276941216 0.0525917915771468
603.0072929644 0.0525259018335935
603.78681244 0.0507992177172009
604.5662525484 0.0501787362523141
605.3456132896 0.0501048078251353
606.1248946636 0.0516687043814103
606.9040966704 0.0532243338877426
607.68321931 0.0542197543871098
608.4622625824 0.0519261019696231
609.2412264876 0.0507263325667652
610.0201110256 0.0517089131779328
610.7989161964 0.0510534039121158
611.577642 0.0514927125912502
612.3562884364 0.0535514964691132
613.1348555056 0.0529088236847896
613.9133432076 0.0511985534234879
614.6917515424 0.0484267053930106
615.47008051 0.0472931317854643
616.2483301104 0.0467144893287932
617.0265003436 0.0488327824175897
617.8045912096 0.0482797668867741
618.5826027084 0.0461278558760465
619.36053484 0.0456005747611251
620.1383876044 0.0450874045045901
620.9161610016 0.0435131500358395
621.6938550316 0.0435538678228813
622.4714696944 0.0462985041320648
623.24900499 0.0452785641471855
624.0264609184 0.0447988215376154
624.8038374796 0.0426995251154195
625.5811346736 0.0395070901673741
626.3583525004 0.0411865405280838
627.13549096 0.0423220204406973
627.9125500524 0.0412795925305958
628.6895297776 0.0402335568653382
629.4664301356 0.0402658467707985
630.2432511264 0.0397499802231451
631.01999275 0.038137386767053
631.7966550064 0.0386996190457983
632.5732378956 0.0381698224432581
633.3497414176 0.0381847042253347
634.1261655724 0.0387434574124768
634.90251036 0.0371149531615561
635.6787757804 0.0382190561416799
636.4549618336 0.0387760629757326
637.2310685196 0.0387871801888886
638.0070958384 0.0360699497377212
638.78304379 0.0366288636358329
639.5589123744 0.0344546453371008
640.3347015916 0.0339259716475621
641.1104114416 0.0339394853715693
641.8860419244 0.0334043361548453
642.66159304 0.0328698776988813
643.4370647884 0.0317903380304206
644.2124571696 0.0290663627831846
644.9877701836 0.0274378701000506
645.7630038304 0.0274556662970484
646.53815811 0.0296674873890877
647.3132330224 0.0274862835799617
648.0882285676 0.0264072736391401
648.8631447456 0.0253232019234069
649.6379815564 0.0247896998932793
650.412739 0.024259389711227
651.1874170764 0.0242775758157249
651.9620157856 0.0237411626756211
652.7365351276 0.0243111363343575
653.5109751024 0.0259880608992012
654.28533571 0.0249007803175191
655.0596169504 0.0227037090340763
655.8338188236 0.0232764155113146
656.6079413296 0.0238511257053673
657.3819844684 0.023870558094864
658.15594824 0.0222236004870317
658.9298326444 0.0239095218799973
659.7036376816 0.0233714972042544
660.4773633516 0.0245081014711127
661.2510096544 0.0234171440577753
662.02457659 0.0206477368311328
662.7980641584 0.0189903169070432
663.5714723596 0.0195680910961691
664.3448011936 0.0195880883976528
665.1180506604 0.0196078003498712
665.89122076 0.0185050671831158
666.6643114924 0.0185236738884301
667.4373228576 0.0168561426989337
668.2102548556 0.016312746121533
668.9831074864 0.015204099511164
669.75588075 0.0157833808817673
670.5285746464 0.0174919596475065
671.3011891756 0.0180760567579314
672.0737243376 0.0186599182215612
672.8461801324 0.0203769084409491
673.61855656 0.0204003742893347
674.3908536204 0.0204251125277986
675.1630713136 0.0204484631695532
675.9352096396 0.0193335079298156
676.7072685984 0.018218427853959
677.47924819 0.0171007478101386
678.2511484144 0.0176936429932761
679.0229692716 0.019430731790833
679.7947107616 0.0200267404813856
680.5663728844 0.0189075045129153
681.33795564 0.0154891963180463
682.1094590284 0.0149357818360959
682.8808830496 0.0161056145741418
683.6522277036 0.0184314648329364
684.4234929904 0.0207642524430785
685.19467891 0.0231017019302432
685.9657854624 0.0237126918001924
686.7368126476 0.0220066410572666
687.5077604656 0.0173989847803757
688.2786289164 0.0180073474944828
689.049418 0.0180353181202942
689.8201277164 0.020977041156812
690.5907580656 0.0204240124865453
691.3613090476 0.0198701562299896
692.1317806624 0.0146320847950322
692.90217291 0.0140681126616636
693.6724857904 0.0129151544297928
694.4427193036 0.0135227126051614
695.2128734496 0.0135446328468483
695.9829482284 0.0141561049137565
696.75294364 0.0129944484521866
697.5228596844 0.0118298744392113
698.2926963616 0.0118496222328139
699.0624536716 0.0112757572995996
699.8321316144 0.0118870708593029
700.60173019 0.0136937367496319
701.3712493984 0.0143154694333461
702.1406892396 0.0137406601489994
702.9100497136 0.0137601449716408
703.6793308204 0.0143840178014723
704.44853256 0.0156120843383769
705.2176549324 0.0162420503231778
705.9866979376 0.0174747187895351
706.7556615756 0.0132792150330796
707.5245458464 0.0145144881914313
708.29335075 0.0133295716633543
709.0620762864 0.0151735182046468
709.8307224556 0.0158122950695041
710.5992892576 0.017676978028773
711.3677766924 0.0171070996514605
712.13618476 0.0159163487210405
712.9045134604 0.0153364598602242
713.6727627936 0.0159900569799894
714.4409327596 0.0160283717226381
715.2090233584 0.0172975649149605
715.97703459 0.0167189057238858
716.7449664544 0.0180033416731139
717.5128189516 0.0168032020577422
718.2805920816 0.013097126611503
719.0482858444 0.0118741705598001
719.81590024 0.0125279981846843
720.5834352684 0.0125599493173354
721.3508909296 0.013214918557712
722.1182672236 0.0126088476270401
722.8855641504 0.0126379613739877
723.65278171 0.0126687341415333
724.4199199024 0.0126965444521001
725.1869787276 0.0127219927453645
725.9539581856 0.0101997161292101
726.7208582764 0.0108650225353256
727.487679 0.00961113607616143
728.2544203564 0.00770525893389307
729.0210823456 0.00772169853567746
729.7876649676 0.00709715729543291
730.5541682224 0.00582368629702693
731.32059211 0.0051893304286127
732.0869366304 0.00584987486254262
732.8532017836 0.00586269689219235
733.6193875696 0.00522363826834245
734.3854939884 0.00654238787411493
735.15152104 0.00655146089688406
735.9174687244 0.00721580998225889
736.6833370416 0.0065702344539687
737.4491259916 0.0072384240608656
738.2148355744 0.00658540271158018
738.98046579 0.00658673672727776
739.7460166384 0.0065900406057134
740.5114881196 0.00791687594636691
741.2768802336 0.00858533775308099
742.0421929804 0.00859122914891715
742.80742636 0.0112455371552426
743.5725803724 0.0119282427342447
744.3376550176 0.0126193452584009
745.1026502956 0.0133098639604241
745.8675662064 0.0120016616278216
746.63240275 0.0113653833653947
747.3971599264 0.0107339751504055
748.1618377356 0.0121192127849266
748.9264361776 0.010131863426347
749.6909552524 0.00948606381398515
750.45539496 0.00952076120864766
751.2197553004 0.00887603250876891
751.9840362736 0.00685129192957958
752.7482378796 0.00480925938658101
753.5123601184 0.002755677919833
754.27640299 0.00207328568252226
755.0403664944 0.0034661003601694
755.8042506316 0.00486438092287311
756.5680554016 0.00348120588784424
757.3317808044 0.00348766710656408
758.09542684 0.00279619860108143
758.8589935084 0.000700510474164517
759.6224808096 -0.000701404912642494
760.3858887436 0.000702045961474557
761.1492173104 0.00421795520861967
761.91246651 0.00563435731812869
762.6756363424 0.00776098514037728
763.4387268076 0.00706455283257837
764.2017379056 0.00707289431483034
764.9646696364 0.00637702841799878
765.727522 0.0071046648174742
766.4902949964 0.00926186249611868
767.2529886256 0.00928532744479271
768.0156028876 0.00930936639429294
768.7781377824 0.0107782152596628
769.54059331 0.00938033154796445
770.3029694704 0.0115949203823345
771.0652662636 0.0152782027129076
771.8274836896 0.0160702178012095
772.5896217484 0.0139421206608027
773.35168044 0.0110615393906638
774.1136597644 0.0111165455196964
774.8755597216 0.0096784087388097
775.6373803116 0.0112163825550476
776.3991215344 0.0157793849027494
777.16078339 0.0151074153274787
777.9223658784 0.0144260321024183
778.6838689996 0.012969139331829
779.4452927536 0.0076646374778453
780.2066371404 0.00770149873688998
780.96790216 0.00851465208136793
781.7290878124 0.0132267849242804
782.4901940976 0.0140738271179181
783.2512210156 0.0133551051226648
784.0121685664 0.0134190476489854
784.77303675 0.00872573716848149
785.5338255664 0.0103625902398824
786.2945350156 0.0112131835489136
787.0551650976 0.014485978153727
787.8157158124 0.0153610339956187
788.57618716 0.0170573937919518
789.3365791404 0.0163235821245231
790.0968917536 0.0164027401737678
790.8571249996 0.0164799942755372
791.6172788784 0.0173858847779393
792.37735339 0.0166351270011917
793.1373485344 0.0175487035823923
793.8972643116 0.0142725441556316
794.6571007216 0.0118091709858916
795.4168577644 0.00847542710863482
796.17653544 0.00851603115167144
796.9361337484 0.00769905278242943
797.6956526896 0.00773197576895894
798.4550922636 0.00258883289054168
799.2144524704 0.000867075214874556
799.97373331 0.000871316056914978
800.7329347824 2.07269783571957E-09
801.4920568876 2.08162763086879E-09
802.2510996256 0.00264824580668984
803.0100629964 0.00354587816081823
803.768947 0.00178136484881884
804.5277516364 0.00447608689222048
805.2864769056 0.0017991402003303
806.0451228076 0.00451717035512832
806.8036893424 0.00906766854698407
807.56217651 0.0100141714759658
808.3205843104 0.00640209412085922
809.0789127436 0.00919209845765321
809.8371618096 0.0120093366201483
810.5953315084 0.012985374870376
811.35342184 0.0139607521400578
812.1114328044 0.0158828792478194
812.8693644016 0.0140803789860935
813.6272166316 0.0141523843593083
814.3849894944 0.0113744459031718
815.14268299 0.0104667659483461
815.9002971184 0.00954624761196083
816.6578318796 0.0134149562982665
817.4152872736 0.0105901230386266
818.1726633004 0.00871131274247159
818.92995996 0.00486341354963908
819.6871772524 0.00292938265039403
820.4443151776 0.00391803332335638
821.2013737356 0.00589745536177252
821.9583529264 0.00592450763102773
822.71525275 0.00794238689805666
823.4720732064 0.00898135512730663
824.2288142956 0.0080144524489002
824.9854760176 0.00703198766830653
825.7420583724 0.0100712663277947
826.49856136 0.0101105221438177
827.2549849804 0.0111807508285128
828.0113292336 0.0132865851806356
828.7675941196 0.0133449161650387
829.5237796384 0.00720480414797709
830.27988579 0.00928248502337007
831.0359125744 0.00827879261056373
831.7918599916 0.00520037731231346
832.5477280416 0.00209254957608889
833.3035167244 -0.00105180018477936
834.05922604 -0.00211101231674625
834.8148559884 -0.00211580473250941
835.5704065696 -0.0010605839679545
836.3258777836 -0.00106493993786164
837.0812696304 -5.07251001660845E-09
837.83658211 0.00646634198094145
838.5918152224 0.00757854620201814
839.3469689676 0.0108535523997117
840.1020433456 0.0141347808785863
840.8570383564 0.0196291128607746
841.611954 0.0252060909571933
842.3667902764 0.0231571230178167
843.1215471856 0.0210668613457592
843.8762247276 0.0178014715470914
844.6308229024 0.0189452861287303
845.38534171 0.0156272522887886
846.1397811504 0.0134426108923379
846.8941412236 0.0112639140182802
847.6484219296 0.00793408563616245
848.4026232684 0.0102525136544782
849.15674524 0.0102800052737802
849.9107878444 0.00571826501662724
850.6647510816 0.00687585717326042
851.4186349516 0.00690588870039928
852.1724394544 0.00810727202343231
852.92616459 0.0081596137595076
853.6798103584 0.0081984594924591
854.4333767596 0.00939066386463514
855.1868637936 0.0117520138718512
855.9402714604 0.0117790283888654
856.69359976 0.00828404114059919
857.4468486924 0.00952896133170123
858.2000182576 0.0107893364658496
858.9531084556 0.0108369946640437
859.7061192864 0.014475343560848
860.45905075 0.0193246036694803
861.2119028464 0.0169547727255497
861.9646755756 0.018257634045346
862.7173689376 0.0196061676809899
863.4699829324 0.0197308280911397
864.22251756 0.0210572841811501
864.9749728204 0.01985985275382
865.7273487136 0.0174017308074302
866.4796452396 0.0211938344146382
867.2318623984 0.0225583300552791
867.98400019 0.0189245136184691
868.7360586144 0.0165050719384147
869.4880376716 0.0191241632378602
870.2399373616 0.0191607211710251
870.9917576844 0.0179085327754229
871.74349864 0.0179626439855096
872.4951602284 0.0167706417222277
873.2467424496 0.0233791005960395
873.9982453036 0.0196042302518603
874.7496687904 0.0183780209066004
875.50101291 0.0144715116153829
876.2522776624 0.0158115135488703
877.0034630476 0.0184981272822197
877.7545690656 0.0172653653274517
878.5055957164 0.017386209518619
879.256543 0.0121178478675718
880.0074109164 0.0121762842057565
880.7581994656 0.0149211293100955
881.5089086476 0.00951242691650547
882.2595384624 0.014987177464988
883.01008891 0.0136917278069312
883.7605599904 0.0179180432711786
884.5109517036 0.0180406194443688
885.2612640496 0.0167470895776315
886.0114970284 0.0154092656613699
886.76165064 0.0168452954727355
887.5117248844 0.0211044555846105
888.2617197616 0.0183631085854474
889.0116352716 0.0156295498745519
889.7614714144 0.017168061850978
890.51122819 0.0172779794623689
891.2609055984 0.0187994661369615
892.0105036396 0.0188522073901538
892.7600223136 0.0188980089718851
893.5094616204 0.0145846543428139
894.25882156 0.0175890458579539
895.0081021324 0.0177039230386152
895.7573033376 0.0178281932977744
896.5064251756 0.0194292194635601
897.2554676464 0.0225165822040054
898.00443075 0.025596365483592
898.7533144864 0.0286922806669208
899.5021188556 0.028810089216025
900.2508438576 0.0274466938300504
900.9994894924 0.0291684333237832
901.74805576 0.0324553703770733
902.4965426604 0.0310820326164918
903.2449501936 0.0280952810682363
903.9932783596 0.0266254726532498
904.7415271584 0.0282867378828671
905.48969659 0.0315679562352508
906.2377866544 0.0285804270927248
906.9857973516 0.0223845209954706
907.7337286816 0.0241505421535281
908.4815806444 0.0226752078814092
909.22935324 0.0211594724547902
909.9770464684 0.0228805897247946
910.7246603296 0.0246095112086776
911.4721948236 0.031317262242401
912.2196499504 0.0281878141912196
912.96702571 0.0217078410468853
913.7143221024 0.0117769336717
914.4615391276 0.0152459174356748
915.2086767856 0.027255813164623
915.9557350764 0.0290918227189551
916.702714 0.0292071657905113
917.4496135564 0.0293245101154637
918.1964337456 0.0312037400733982
918.9431745676 0.0296502898073963
919.6898360224 0.0263249000302875
920.43641811 0.0335210731907796
921.1829208304 0.0407323903134788
921.9293441836 0.0479098351504588
922.6756881696 0.0408403195464082
923.4219527884 0.0266410573947648
924.16813804 0.0231034536552205
924.9142439244 0.024927105209874
925.6602704416 0.0267812556399981
926.4062175916 0.0232666221136896
927.1520853744 0.0215136327463423
927.89787379 0.0197383663851267
928.6435828384 0.0161545134633199
929.3892125196 0.0179607558084748
930.1347628336 0.0125931681395106
930.8802337804 0.014436186124336
931.62562536 0.0181350961519652
932.3709375724 0.0164194005924459
933.1161704176 0.0146876632885842
933.8613238956 0.0147775601407278
934.6063980064 0.0167229143023088
935.35139275 0.0205557343451915
936.0963081264 0.0169204162743729
936.8411441356 0.0170410805706923
937.5859007776 0.00763771862219259
938.3305780524 0.0096392049641881
939.07517596 0.0155846390576008
939.8196945004 0.0177142438559245
940.5641336736 0.0159018573179901
941.3084934796 0.0180515070674386
942.0527739184 0.0121404234247544
942.79697499 0.0102065174447833
943.5410966944 0.00824141272910807
944.2851390316 0.0187263794307529
945.0291020016 0.0189206650890224
945.7729856044 0.0254950021484455
946.51678984 0.0171651944908112
947.2605147084 0.00865860526215774
948.0041602096 0.00218291788736163
948.7477263436 0.00880469521422976
949.4912131104 0.0155376151079064
950 0.0184113550768366
950.1 0.0162685513630076
950.2 0.0124963824942745
950.3 0.0139305051561928
950.4 0.00808991970850173
950.5 0.00151290027654604
950.6 -0.00514785904868203
950.7 -0.0112232700877829
950.8 -0.0160937467776557
950.9 -0.0192510188765244
951 -0.0203496984428663
951.4546673696 -0.0203171513694419
953.0678593429 -0.0213653021201104
954.68092721 -0.0189923095511963
956.2938709709 -0.0181594207525348
957.9066906256 -0.0245048537209583
959.5193861741 -0.0169101765058977
961.1319576164 -0.0191079756036684
962.7444049525 -0.0164368889836761
964.3567281824 -0.0212351069159901
965.9689273061 -0.0208084873112336
967.5810023236 -0.0248387877692657
969.1929532349 -0.0236773444210486
970.80478004 -0.0195660807813377
972.4164827389 -0.0184197002885889
974.0280613316 -0.0176440230022442
975.6395158181 -0.0150352083694248
977.2508461984 -0.0138998000541255
978.8620524725 -0.0105795908062718
980.4731346404 -0.0109157916111623
982.0840927021 -0.00761846232772699
983.6949266576 -0.00614630670654463
985.3056365069 -0.00396268193705752
986.91622225 -0.00394729023093328
988.5266838869 -0.0046473284809229
990.1370214176 -0.00961492242332754
991.7472348421 -0.0120572551762414
993.3573241604 -0.0130648473180001
994.9672893725 -0.0137095261850997
996.5771304784 -0.016445755621309
998.1868474781 -0.0128843263145191
999.7964403716 -0.0128249205471612
1001.4059091589 -0.0120766269289807
1003.01525384 -0.00927417253457768
1004.6244744149 -0.011966123962581
1006.2335708836 -0.0156503540551982
1007.8425432461 -0.0118478280016914
1009.4513915024 -0.00741030336789341
1011.0601156525 -0.00971909133722854
1012.6687156964 -0.00566847085802783
1014.2771916341 -0.00165867282014906
1015.8855434656 -0.00759260501626117
1017.4937711909 -0.0068977614434435
1019.10187481 -0.00849757555417839
1020.7098543229 -0.00942907153890711
1022.3177097296 -0.00776296488684634
1023.9254410301 -0.00579046079221302
1025.5330482244 -0.00543845587131336
1027.1405313125 -0.00667999770360067
1028.7478902944 -0.00221438593785772
1030.3551251701 -0.0103810325861174
1031.9622359396 -0.0184564424028385
1033.5692226029 -0.00808617989761103
1035.17608516 -0.0108206742415685
1036.7828236109 -0.00860557086065328
1038.3894379556 -0.0137504836828089
1039.9959281941 -0.0136714467981921
1041.6022943264 -0.0114813544747597
1043.2085363525 -0.0105168156407664
1044.8146542724 -0.0119584824993652
1046.4206480861 -0.0148759760623282
1048.0265177936 -0.0100714569603442
1049.6322633949 -0.00265538852570644
1051.23788489 -0.00705480082367857
1052.8433822789 -0.00263706941115884
1054.4487555616 -0.00818222794019493
1056.0540047381 -0.00291581949910842
1057.6591298084 -0.00640331635628182
1059.2641307725 -0.00581306818575111
1060.8690076304 -0.00755072522264474
1062.4737603821 -0.00696610436054488
1064.0783890276 -0.00435194571322416
1065.6828935669 -0.00377032928289694
1067.287274 -0.00579925598319295
1068.8915303269 -0.00753711411802674
1070.4956625476 -0.00695478707679313
1072.0996706621 -0.00318589532336124
1073.7035546704 -0.00550025761508499
1075.3073145725 -0.00144689497605804
1076.9109503684 -0.00665274249559973
1078.5144620581 -0.00115650908564293
1080.1178496416 -0.00202207273956886
1081.7211131189 -0.00577253413369437
1083.32425249 -0.00692161656342181
1084.9272677549 -0.00547466619391251
1086.5301589136 -0.0077731522227203
1088.1329259661 -0.00949348831255134
1089.7355689124 -0.00747337258549591
1091.3380877525 -0.00488143422929541
1092.9404824864 -0.00602350692628675
1094.5427531141 -0.00343819884167146
1096.1448996356 -0.0105885263348347
1097.7469220509 -0.00971901035835393
1099.34882036 -0.00371104701338416
1100.9505945629 -0.000855078632377107
1102.5522446596 -0.000853662227545391
1104.1537706501 -0.000568163679667563
1105.7551725344 -0.00312040624319433
1107.3564503125 -0.00453138791556028
1108.9576039844 -0.00819935084798045
1110.5586335501 -0.00508014530859335
1112.1595390096 -0.00281764686723248
1113.7603203629 0.000281395695100154
1115.36097761 0.000561955620273458
1116.9615107509 -0.00336599890263338
1118.5619197856 -0.00643978465928302
1120.1622047141 -0.0117369218577646
1121.7623655364 -0.00780837537961529
1123.3624022525 -0.0100172472622345
1124.9623148624 -0.00638485792634582
1126.5621033661 -0.00304567124033371
1128.1617677636 -0.00469329888492534
1129.7613080549 -0.0044019382681265
1131.36072424 -0.00904479021677905
1132.9600163189 -0.00982856919207246
1134.5591842916 -0.00924443533062363
1136.1582281581 -0.00893454893753383
1137.7571479184 -0.007278885149836
1139.3559435725 -0.00966322807510134
1140.9546151204 -0.00855153619527874
1142.5531625621 -0.00984409117769127
1144.1515858976 -0.0119205470302193
1145.7498851269 -0.013183963741469
1147.34806025 -0.0152237071876795
1148.9461112669 -0.0148933736548972
1150.5440381776 -0.0130032560917347
1152.1418409821 -0.0157927811237196
1153.7395196804 -0.0170119672319209
1155.3370742725 -0.0153944127280165
1156.9345047584 -0.0165973528599802
1158.5318111381 -0.0124532443614322
1160.1289934116 -0.0164449803786237
1161.7260515789 -0.0191403481653719
1163.32298564 -0.0180541193681767
1164.9197955949 -0.0184783142396406
1166.5164814436 -0.017158651600967
1168.1130431861 -0.0168418954953348
1169.7094808224 -0.0125804764813943
1171.3057943525 -0.0122874179965344
1172.9019837764 -0.0137128041513088
1174.4980490941 -0.0143980211971726
1176.0939903056 -0.0155615427902738
1177.6898074109 -0.0125989855930047
1179.28550041 -0.010383386325738
1180.8810693029 -0.0105915370273906
1182.4765140896 -0.0107982383692638
1184.0718347701 -0.00956949978333172
1185.6670313444 -0.0128776964412764
1187.2621038125 -0.0173568532290716
1188.8570521744 -0.0196748911560246
1190.4518764301 -0.0174892955480349
1192.0465765796 -0.0150816259433736
1193.6411526229 -0.0195072469102269
1195.23560456 -0.0180459500749821
1196.8299323909 -0.0177602075965919
1198.4241361156 -0.0188737364805614
1200.0182157341 -0.017893753482974
1201.6121712464 -0.0180805654616681
1203.2060026525 -0.0168816109047614
1204.7997099524 -0.0145313742449462
1206.3932931461 -0.0115025936563265
1207.9867522336 -0.0135399016153239
1209.5800872149 -0.0105318162879478
1211.17329809 -0.00662420499883429
1212.7663848589 -0.0111685343023507
1214.3593475216 -0.0102350154356356
1215.9521860781 -0.0111206510577993
1217.5449005284 -0.0122325265063531
1219.1374908725 -0.0108521291082805
1220.7299571104 -0.00948014255564096
1222.3222992421 -0.00969292716140943
1223.9145172676 -0.00990689893026299
1225.5066111869 -0.0094459645419474
1227.098581 -0.0128073768090828
1228.6904267069 -0.0139213247977809
1230.2821483076 -0.0139164475509158
1231.8737458021 -0.0168295341823899
1233.4652191904 -0.0132375496399596
1235.0565684725 -0.0159250880413071
1236.6477936484 -0.0174957346020322
1238.2388947181 -0.018843002252524
1239.8298716816 -0.0181747545041071
1241.4207245389 -0.0184027899377138
1243.01145329 -0.0157109700258785
1244.6020579349 -0.0154893642715076
1246.1925384736 -0.0152661793162026
1247.7828949061 -0.0150408663547887
1249.3731272324 -0.0125726722324612
1250.9632354525 -0.0150447244375637
1252.5532195664 -0.0114534492266805
1254.1430795741 -0.0110050750035833
1255.7328154756 -0.00786122652676157
1257.3224272709 -0.00673767482605281
1258.91191496 -0.0101065955793432
1260.5012785429 -0.0112306477627386
1262.0905180196 -0.00988191478624717
1263.6796333901 -0.0105553060059408
1265.2686246544 -0.00875851053992036
1266.8574918125 -0.00853363572088444
1268.4462348644 -0.0092060879803877
1270.0348538101 -0.00740899202651282
1271.6233486496 -0.0058347928322229
1273.2117193829 -0.00785054609510571
1274.79996601 -0.00963890131443558
1276.3880885309 -0.00537670484172312
1277.9760869456 -0.00604492992638684
1279.5639612541 -0.00581780425859771
1281.1517114564 -0.00424786055412659
1282.7393375525 -0.0040211409486759
1284.3268395424 -0.00491064662785537
1285.9142174261 -0.00312226103833747
1287.5014712036 -0.0062382088720937
1289.0886008749 -0.00890505949642544
1290.67560644 -0.0100086519273099
1292.2624878989 -0.00866906431359472
1293.8492452516 -0.00955264616541708
1295.4358784981 -0.00976999748620544
1297.0223876384 -0.0130922521324921
1298.6087726725 -0.0148585146018859
1300.1950336004 -0.0144024711952745
1301.7811704221 -0.0110704230986883
1303.3671831376 -0.0168122894879898
1304.9530717469 -0.0108323181449383
1306.53883625 -0.0121477704035684
1308.1244766469 -0.012799389911401
1309.7099929376 -0.0132244625710779
1311.2953851221 -0.0127653974607084
1312.8806532004 -0.0131850314928522
1314.4657971725 -0.0107514627862027
1316.0508170384 -0.00964016494689883
1317.6357127981 -0.0107194335139787
1319.2204844516 -0.0137594652650881
1320.8051319989 -0.00828710142196711
1322.38965544 -0.0115387018533092
1323.9740547749 -0.0113028793849733
1325.5583300036 -0.0104166611786341
1327.1424811261 -0.00910075495631839
1328.7265081424 -0.0123327726697672
1330.3104110525 -0.0105878580684835
1331.8941898564 -0.0125155064738001
1333.4778445541 -0.0127156066789417
1335.0613751456 -0.0127009699213863
1336.6447816309 -0.0122595717933355
1338.22806401 -0.013111534008736
1339.8112222829 -0.0144033147002931
1341.3942564496 -0.0116189494564097
1342.9771665101 -0.012074417412914
1344.5599524644 -0.0164355220934001
1346.1426143125 -0.0117264902657944
1347.7251520544 -0.0122264346323607
1349.3075656901 -0.014296297331188
1350.8898552196 -0.0102024958010874
1352.4720206429 -0.0105208589359452
1354.05406196 -0.01197743512153
1355.6359791709 -0.0118644762023156
1357.2177722756 -0.011052508280172
1358.7994412741 -0.0120757923348668
1360.3809861664 -0.0112196028765811
1361.9624069525 -0.00844938385306259
1363.5437036324 -0.0105835365452764
1365.1248762061 -0.0101105925987451
1366.7059246736 -0.00375330555342624
1368.2868490349 -0.00795025027641238
1369.86764929 -0.0137485170855224
1371.4483254389 -0.00696519857908978
1373.0288774816 -0.00763109839486034
1374.6093054181 -0.00921626983118353
1376.1896092484 -0.00780510095368692
1377.7697889725 -0.00663805147976431
1379.3498445904 -0.00685563354111453
1380.9297761021 -0.0066160570370697
1382.5095835076 -0.00569418378602579
1384.0892668069 -0.0090906667945814
1385.668826 -0.00747728781243794
1387.2482610869 -0.00112946123994834
1388.8275720676 -0.00810078901775241
1390.4067589421 -0.00650185124243439
1391.9858217104 -0.00290230496130519
1393.5647603725 -0.00911420238387234
1395.1435749284 -0.00818419992275598
1396.7222653781 -0.00638221985835771
1398.3008317216 -0.00679272749817462
1399.8792739589 -0.00829059865488119
1401.45759209 -0.00738649438202202
1403.0357861149 -0.00844051569547953
1404.6138560336 -0.00775196439397255
1406.1918018461 -0.00535789418532754
1407.7696235524 -0.00639514544404191
1409.3473211525 -0.0101721226039209
1410.9248946464 -0.00400259184069956
1412.5023440341 -0.00712459684405503
1414.0796693156 -0.0102113524248737
1415.6568704909 -0.00932700020083973
1417.23394756 -0.00886932872292047
1418.8109005229 -0.0102670189882708
1420.3877293796 -0.0094031866288102
1421.9644341301 -0.00692549434855826
1423.5410147744 -0.0066973758505459
1425.1174713125 -0.00546213149202134
1426.6938037444 -0.00484219000202921
1428.2700120701 -0.00644147727019618
1429.8460962896 -0.0062263156747153
1431.4220564029 -0.00380993312435249
1432.99789241 -0.00500557237562889
1434.5736043109 -0.00639867845631441
1436.1491921056 -0.007787096628096
1437.7246557941 -0.00777779086862121
1439.2999953764 -0.0129442978086429
1440.8752108525 -0.0115373132599596
1442.4503022224 -0.0117206568584443
1444.0252694861 -0.0109149811737748
1445.6001126436 -0.0110954852300705
1447.1748316949 -0.0110810426231066
1448.74942664 -0.010866361921446
1450.3238974789 -0.00966768217397474
1451.8982442116 -0.00965268711158967
1453.4724668381 -0.00728067874695471
1455.0465653584 -0.00786281511137653
1456.6205397725 -0.00392845599308172
1458.1943900804 -0.00785150803154717
1459.7681162821 -0.00784936379647511
1461.3417183776 -0.00627701827692843
1462.9151963669 -0.007652547299992
1464.48855025 -0.00529835944553821
1466.0617800269 -0.00667481533658206
1467.6348856976 -0.00824760018167913
1469.2078672621 -0.00805534482971706
1470.7807247204 -0.00805496341941423
1472.3534580725 -0.00844730640077951
1473.9260673184 -0.0104092767114132
1475.4985524581 -0.00648048900311882
1477.0709134916 -0.00922595496727361
1478.6431504189 -0.0131458601992592
1480.21526324 -0.0088215884093878
1481.7872519549 -0.0127327589352066
1483.3591165636 -0.0136991796346244
1484.9308570661 -0.0105616241242497
1486.5024734624 -0.0127049973548172
1488.0739657525 -0.0127006427526427
1489.6453339364 -0.012498814092219
1491.2165780141 -0.0128842438545418
1492.7876979856 -0.0158013229116362
1494.3586938509 -0.0132560423605697
1495.92956561 -0.00818280950812057
1497.5003132629 -0.0093487899036884
1499.0709368096 -0.00876045382223241
1500.6414362501 -0.00408725940471183
1502.2118115844 -0.00583684476191681
1503.7820628125 -0.00505824235203586
1505.3521899344 -0.00467014105420053
1506.9221929501 -0.00661896534160563
1508.4920718596 -0.00389531631546068
1510.0618266629 -0.00331392396027821
1511.63145736 -0.00234133179094098
1513.2009639509 -0.00468820361072805
1514.7703464356 -0.00508485863682646
1516.3396048141 -0.00372196296903439
1517.9087390864 -0.00706302965156272
1519.4777492525 -0.00629008294723275
1521.0466353124 -0.00452835332305211
1522.6153972661 -0.0051276312432353
1524.1840351136 -0.00375255431888086
1525.7525488549 -0.00910519965621603
1527.32093849 -0.0111038325833343
1528.8892040189 -0.0117217958954828
1530.4573454416 -0.0111436901971859
1532.0253627581 -0.0135573248558592
1533.5932559684 -0.0119795569520201
1535.1610250725 -0.00979816232203253
1536.7286700704 -0.00980839025613978
1538.2961909621 -0.00881911655767217
1539.8635877476 -0.00782433018562486
1541.4308604269 -0.00783375176758657
1542.998009 -0.00301479358844996
1544.5650334669 0.00140842155996422
1546.1319338276 0.00140968271795971
1547.6987100821 -0.00282264379929359
1549.2653622304 -0.00121071625418004
1550.8318902725 -0.00464720654283595
1552.3982942084 -0.00647198608121301
1553.9645740381 -0.00546727739889114
1555.5307297616 -0.00668847189680687
1557.0967613789 -0.00771162522954691
1558.66266889 -0.00670409426997941
1560.2284522949 -0.00894907672121621
1561.7941115936 -0.0107881668500084
1563.3596467861 -0.0130412348646732
1564.9250578724 -0.00938205579473048
1566.4903448525 -0.00735033543721097
1568.0555077264 -0.00408644462296419
1569.6205464941 -0.00449971024265911
1571.1854611556 -0.00798444120172946
1572.7502517109 -0.00799443777572828
1574.31491816 -0.00615556669234607
1575.8794605029 -0.00862870969515758
1577.4438787396 -0.0076105348505331
1579.0081728701 -0.00659154907114287
1580.5723428944 -0.00391856026504203
1582.1363888125 -0.00392433483418734
1583.7003106244 -0.00806579549028548
1585.2641083301 -0.00828736016672359
1586.8277819296 -0.00643281140517772
1588.3913314229 -0.00623646921476272
1589.95475681 -0.00603959549326226
1591.5180580909 -0.0089730962766879
1593.0812352656 -0.00898871371345786
1594.6442883341 -0.00795980815850738
1596.2072172964 -0.00860366114274784
1597.7700221525 -0.00988280647717116
1599.3327029024 -0.00948009641294434
1600.8952595461 -0.00842520414918466
1602.4576920836 -0.0105516889904751
1604.0200005149 -0.0131144412557156
1605.58218484 -0.0112320647511837
1607.1442450589 -0.0112560881520632
1608.7061811716 -0.00957552413331082
1610.2679931781 -0.00917130584918099
1611.8296810784 -0.0113291763539013
1613.3912448725 -0.0132902272369505
1614.9526845604 -0.0141867555163131
1616.5140001421 -0.0144541380886013
1618.0751916176 -0.0155814015982778
1619.6362589869 -0.0145550035600619
1621.19720225 -0.011339809267015
1622.7580214069 -0.013806900184373
1624.3187164576 -0.0143205164655153
1625.8792874021 -0.0159659919831635
1627.4397342404 -0.0138483249345397
1629.0000569725 -0.014871883362192
1630.5602555984 -0.0154752111549174
1632.1203301181 -0.0152070653016183
1633.6802805316 -0.0170553982354949
1635.2401068389 -0.0137903536040299
1636.79980904 -0.0121302054885148
1638.3593871349 -0.017648107098852
1639.9188411236 -0.0138006971289258
1641.4781710061 -0.0147853158994515
1643.0373767824 -0.0156105604237236
1644.5964584525 -0.0174177694706513
1646.1554160164 -0.0149498208550413
1647.7142494741 -0.0116482122949829
1649.2729588256 -0.0139762157767488
1650.8315440709 -0.0159074599952066
1652.39000521 -0.0173338794753955
1653.9483422429 -0.0181563453295194
1655.5065551696 -0.0168828553160211
1657.0646439901 -0.025618322679344
1658.6226087044 -0.0240734453863778
1660.1804493125 -0.0292118727446049
1661.7381658144 -0.0244876653711034
1663.2957582101 -0.0339395408495381
1664.8532264996 -0.0324447208527217
1666.4105706829 -0.0312248555916535
1667.96779076 -0.0279979975634179
1669.5248867309 -0.0249559375642011
1671.0818585956 -0.0319068432657507
1672.6387063541 -0.0329955110586812
1674.1954300064 -0.0319529886982252
1675.7520295525 -0.0443552606020066
1677.3085049924 -0.0344845037997209
1678.8648563261 -0.0479692993392614
1680.4210835536 -0.0478121449939855
1681.9771866749 -0.0641429848407514
1683.53316569 -0.074918407886408
1685.0890205989 -0.0724613691890944
1686.6447514016 -0.0867797196822487
1688.2003580981 -0.106434751722901
1689.7558406884 -0.122370589352898
1691.3111991725 -0.102378669114609
1692.8664335504 -0.105436159369422
1694.4215438221 -0.110194797318518
1695.9765299876 -0.125252751067855
1697.5313920469 -0.12311494690663
1699.08613 -0.135078316099824
1700.6407438469 -0.123210698475959
1702.1952335876 -0.12758013495086
1703.7495992221 -0.157276868136356
1705.3038407504 -0.130392589582781
1706.8579581725 -0.132653772092795
1708.4119514884 -0.148973901618613
1709.9658206981 0.022852620062499
1711.5195658016 -0.418761397098021
1713.0731867989 0.0468250126086203
1714.62668369 -0.35724136686517
1716.1800564749 -0.35724136686517
