293.753818 0
294.5642113164 0
295.3745252656 0
296.1847598476 0
296.9949150624 4.7601223553302
297.80499091 2.71528475172541
298.6149873904 2.67226916325089
299.4249045036 2.72098140467789
300.2347422496 2.59709174824268
301.0445006284 2.48457316893143
301.85417964 2.21540829859866
302.6637792844 2.10531209601007
303.4732995616 2.07782775225884
304.2827404716 2.11936506599432
305.0921020144 2.23137584595626
305.90138419 2.17245275748057
306.7105869984 2.14545395184562
307.5197104396 2.04801075377328
308.3287545136 1.99093506090586
309.1377192204 2.06504667989565
309.94660456 1.94620057878221
310.7554105324 1.94757697627272
311.5641371376 1.92719906903902
312.3727843756 1.74273784608546
313.1813522464 1.64758596262552
313.98984075 1.55440542292306
314.7982498864 1.61419535726563
315.6065796556 1.64479138737375
316.4148300576 1.58308187039911
317.2230010924 1.5253268592503
318.03109276 1.41816281293137
318.8391050604 1.50101049255124
319.6470379936 1.49001888556756
320.4548915596 1.50329871538889
321.2626657584 1.57623840721229
322.07036059 1.55181885532658
322.8779760544 1.55649274481579
323.6855121516 1.49301855195025
324.4929688816 1.52602104533402
325.3003462444 1.53621623488438
326.10764424 1.57845371526521
326.9148628684 1.55344343341476
327.7220021296 1.48094059234765
328.5290620236 1.48654101027828
329.3360425504 1.4597871868167
330.14294371 1.39945178452188
330.9497655024 1.4170607638221
331.7565079276 1.37944692818175
332.5631709856 1.41680555017056
333.3697546764 1.42493209690463
334.176259 1.47163422363132
334.9826839564 1.52968914119626
335.7890295456 1.60133674056616
336.5952957676 1.70011143768843
337.4014826224 1.87713991774762
338.20759011 2.04002738714543
339.0136182304 2.32653119629151
339.8195669836 2.49526644006004
340.6254363696 2.78346208118412
341.4312263884 3.02272346769062
342.23693704 3.30357637508912
343.0425683244 3.66685020979279
343.8481202416 3.99832476069865
344.6535927916 4.41963889149685
345.4589859744 4.87721068670681
346.26429979 5.26825892474815
347.0695342384 5.65737076971844
347.8746893196 6.0275898589951
348.6797650336 6.52971150683939
349.4847613804 6.99939043572255
350.28967836 7.48548122014023
351.0945159724 8.0880489122341
351.8992742176 8.64385082551231
352.7039530956 9.38939486776646
353.5085526064 10.2148710052058
354.31307275 11.309931900359
355.1175135264 12.7399547395363
355.9218749356 14.7339501199895
356.7261569776 17.3575559501063
357.5303596524 20.8888406191311
358.33448296 25.5020911827548
359.1385269004 31.5800215638174
359.9424914736 39.3514853848564
360.7463766796 48.4862713954208
361.5501825184 59.3632463925597
362.35390899 72.1760762784229
363.1575560944 86.6035531293084
363.9611238316 102.141253783026
364.7646122016 119.300136384237
365.5680212044 136.680382029307
366.37135084 152.778978537692
367.1746011084 167.201364356764
367.9777720096 180.909574860488
368.7808635436 191.009479012731
369.5838757104 198.117940641187
370.38680851 202.113274820476
371.1896619424 203.325203894432
371.9924360076 201.08821240581
372.7951307056 196.172794159021
373.5977460364 189.604585261214
374.400282 180.542518955678
375.2027385964 169.638337334002
376.0051158256 158.034005206015
376.8074136876 147.422540336337
377.6096321824 137.276632635902
378.41177131 127.021247962502
379.2138310704 116.668782457825
380.0158114636 105.969135420757
380.8177124896 95.8288724423629
381.6195341484 85.9567458029736
382.42127644 77.0311690774076
383.2229393644 69.032050174077
384.0245229216 61.5323378092367
384.8260271116 54.848588357746
385.6274519344 48.8192550046879
386.42879739 43.4195968785742
387.2300634784 38.609666348305
388.0312501996 34.1636797314411
388.8323575536 30.3743954859866
389.6333855404 27.2205989445987
390.43433416 24.4120425653497
391.2352034124 21.8486501901617
392.0359932976 19.4571502242147
392.8367038156 17.2485879470185
393.6373349664 15.0965678028157
394.43788675 13.1663710323361
395.2383591664 11.5700069402081
396.0387522156 10.3156703713685
396.8390658976 9.21352173719393
397.6393002124 8.28375920186744
398.43945516 7.32820266253222
399.2395307404 6.4612933731512
400.0395269536 5.70463094265046
400.8394437996 5.06526480232351
401.6392812784 4.50886271950191
402.43903939 4.02884756890001
403.2387181344 3.59344125875531
404.0383175116 3.23166513032873
404.8378375216 2.90345101880299
405.6372781644 2.62176352746137
406.43663944 2.37830914310233
407.2359213484 2.17110072684017
408.0351238896 1.99208043416572
408.8342470636 1.83335232237965
409.6332908704 1.68873586673442
410.43225531 1.56935736840595
411.2311403824 1.46728516964368
412.0299460876 1.35539600856321
412.8286724256 1.26221041357818
413.6273193964 1.17859495702327
414.425887 1.10594675008052
415.2243752364 1.03550254576702
416.0227841056 0.98992501923568
416.8211136076 0.935673970989273
417.6193637424 0.888950564046918
418.41753451 0.841891660076602
419.2156259104 0.800025457408872
420.0136379436 0.76701294601791
420.8115706096 0.742386174611117
421.6094239084 0.720223116931882
422.40719784 0.694957379846237
423.2048924044 0.677562781127682
424.0025076016 0.653566987167077
424.8000434316 0.63534881564818
425.5974998944 0.615865288589923
426.39487699 0.600361869855007
427.1921747184 0.583360888345514
427.9893930796 0.564821485896137
428.7865320736 0.54182081455629
429.5835917004 0.529319979065909
430.38057196 0.516973639540445
431.1774728524 0.509800815410125
431.9742943776 0.502839548160235
432.7710365356 0.49903721919022
433.5676993264 0.48738837660616
434.36428275 0.47745518466199
435.1607868064 0.472272206574864
435.9572114956 0.465755373291451
436.7535568176 0.46540226689978
437.5498227724 0.467927161148004
438.34600936 0.461455168817687
439.1421165804 0.456567251311451
439.9381444336 0.451805607292706
440.7340929196 0.447091868712347
441.5299620384 0.442526200464091
442.32575179 0.440921042672259
443.1214621744 0.440812252750717
443.9170931916 0.439315169459268
444.7126448416 0.43923149013981
445.5081171244 0.436506187362707
446.30351004 0.433893014548151
447.0988235884 0.438006403477652
447.8940577696 0.438158274932793
448.6892125836 0.438296617686742
449.4842880304 0.434500078503237
450.27928411 0.429440024860288
451.0742008224 0.428304761104608
451.8690381676 0.430921592420101
452.6637961456 0.427163071686704
453.4584747564 0.42835581034689
454.253074 0.425747607591014
455.0475938764 0.421782300719159
455.8420343856 0.416596632348338
456.6363955276 0.413823288584514
457.4306773024 0.41110379058114
458.22487971 0.408412717492845
459.0190027504 0.410371113788951
459.8130464236 0.403116711683769
460.6070107296 0.394869636787643
461.4008956684 0.394694446407538
462.19470124 0.390069548488895
462.9884274444 0.387806218481634
463.7820742816 0.386799200268677
464.5756417516 0.389181860332506
465.3691298544 0.387283421069073
466.16253859 0.383389525768667
466.9558679584 0.378563171364202
467.7491179596 0.373886238778735
468.5422885936 0.375681594300552
469.3353798604 0.379676930053108
470.12839176 0.37649009618196
470.9213242924 0.376570587034038
471.7141774576 0.373603543605571
472.5069512556 0.371811416933036
473.2996456864 0.364982058697919
474.09226075 0.361234518395967
474.8847964464 0.360513670791402
475.6772527756 0.362809088621302
476.4696297376 0.36208951279815
477.2619273324 0.357313235735831
478.05414556 0.353468260005895
478.8462844204 0.354436850351115
479.6383439136 0.351332750995766
480.4303240396 0.353027343299694
481.2222247984 0.355563220204637
482.01404619 0.357991915269843
482.8057882144 0.359369126113498
483.5974508716 0.35588479500891
484.3890341616 0.353333837154595
485.1805380844 0.351685168302887
485.97196264 0.356451005817192
486.7633078284 0.357431617427839
487.5545736496 0.355698548788666
488.3457601036 0.35311455078217
489.1368671904 0.349686099518054
489.92789491 0.344522814406559
490.7188432624 0.343853216136664
491.5097122476 0.34323493867856
492.3005018656 0.342622525067704
493.0912121164 0.342004748672346
493.881843 0.338855067715871
494.6723945164 0.328857918555986
495.4628666656 0.325845096565461
496.2532594476 0.323709190129663
497.0435728624 0.327489085097691
497.83380691 0.328775053746206
498.6239615904 0.329174509583916
499.4140369036 0.321341684900049
500.2040328496 0.321000773000794
500.9939494284 0.321490488671944
501.78378664 0.322840919153537
502.5735444844 0.325022430391727
503.3632229616 0.326439641039817
504.1528220716 0.32549372932503
504.9423418144 0.319791327208842
505.73178219 0.315705471856159
506.5211431984 0.311709928205512
507.3104248396 0.307795622301081
508.0996271136 0.310101509220003
508.8887500204 0.305502811293986
509.67779356 0.301762222766365
510.4667577324 0.296566704523929
511.2556425376 0.29599950078589
512.0444479756 0.297752233849307
512.8331740464 0.295728076667816
513.62182075 0.297451377161909
514.4103880864 0.293967535511871
515.1988760556 0.293508523856262
515.9872846576 0.2944881521596
516.7756138924 0.294017633072898
517.56386376 0.296416949763275
518.3520342604 0.300215845708309
519.1401253936 0.300300138527502
519.9281371596 0.296667510299144
520.7160695584 0.297353456444009
521.50392259 0.296567246172696
522.2916962544 0.298681999443284
523.0793905516 0.301463421466911
523.8670054816 0.299258832062734
524.6545410444 0.295005208435676
525.44199724 0.29013006263327
526.2293740684 0.286753515154097
527.0166715296 0.282777247936191
527.8038896236 0.282377655685518
528.5910283504 0.280678136647551
529.37808771 0.276365847213273
530.1650677024 0.272865714027271
530.9519683276 0.268104324501865
531.7387895856 0.266236487207063
532.5255314764 0.267814204570333
533.312194 0.268774039653657
534.0987771564 0.267768807594969
534.8852809456 0.26680440887693
535.6717053676 0.265876787267819
536.4580504224 0.26493180413164
537.24431611 0.264648520120323
538.0305024304 0.263652375631076
538.8166093836 0.263904088649989
539.6026369696 0.267432131031114
540.3885851884 0.264140379018221
541.17445404 0.260785932012723
541.9602435244 0.258693463511947
542.7459536416 0.259164794030154
543.5315843916 0.258222668322437
544.3171357744 0.255917762650598
545.10260779 0.253555574816595
545.8880004384 0.249827250536815
546.6733137196 0.248722982283813
547.4585476336 0.246961642181461
548.2437021804 0.241357829499659
549.02877736 0.237704808670929
549.8137731724 0.234736388222966
550.5986896176 0.233757425249772
551.3835266956 0.23278869006067
552.1682844064 0.229320657693565
552.95296275 0.227758023440716
553.7375617264 0.225604460747179
554.5220813356 0.22478238618425
555.3065215776 0.223951750447397
556.0908824524 0.221275145347334
556.87516396 0.219863603071529
557.6593661004 0.219708921647353
558.4434888736 0.220183074574139
559.2275322796 0.216975640570887
560.0114963184 0.214416291592818
560.79538099 0.21309564641357
561.5791862944 0.211183308740913
562.3629122316 0.208105640896967
563.1465588016 0.207445070477839
563.9301260044 0.205599998691489
564.71361384 0.203789774360131
565.4970223084 0.202610540075142
566.2803514096 0.199660955641965
567.0636011436 0.199117937595504
567.8467715104 0.197409838259266
568.62986251 0.196305496776621
569.4128741424 0.195216468475734
570.1958064076 0.195306761533224
570.9786593056 0.195418047885441
571.7614328364 0.19496575767805
572.544127 0.190414327347793
573.3267417964 0.189376996676959
574.1092772256 0.187751697907825
574.8917332876 0.188476390191513
575.6741099824 0.185740667767323
576.45640731 0.18417119743521
577.2386252704 0.183182574678334
578.0207638636 0.183367039498227
578.8028230896 0.177827047454397
579.5848029484 0.174609707524065
580.36670344 0.173146284823983
581.1485245644 0.173412020633858
581.9302663216 0.171395471339629
582.7119287116 0.168840787521566
583.4935117344 0.162896007023665
584.27501539 0.159794701436066
585.0564396784 0.159542968638658
585.8377845996 0.158740154780077
586.6190501536 0.154009589132545
587.4002363404 0.154363157411386
588.18134316 0.151342478509967
588.9623706124 0.150017269222522
589.7433186976 0.148721944788189
590.5241874156 0.146313664762432
591.3049767664 0.146156060238905
592.08568675 0.14825275831024
592.8663173664 0.145891355449242
593.6468686156 0.140198297061917
594.4273404976 0.135080884560702
595.2077330124 0.13610189264858
595.98804616 0.135445144120728
596.7682799404 0.136474249712411
597.5484343536 0.133039944086628
598.3285093996 0.130711592540276
599.1085050784 0.129494375646192
599.88842139 0.127166042033162
600.6682583344 0.124827202727181
601.4480159116 0.125251469583933
602.2276941216 0.126218474757812
603.0072929644 0.12550745532982
603.78681244 0.120370410314052
604.5662525484 0.117449775669102
605.3456132896 0.114523825250817
606.1248946636 0.115428634212234
606.9040966704 0.114129172778708
607.68321931 0.113367265324618
608.4622625824 0.112049754127708
609.2412264876 0.10963306874793
610.0201110256 0.108315365160707
610.7989161964 0.108079933136409
611.577642 0.108404497234264
612.3562884364 0.110347299729473
613.1348555056 0.109055751035656
613.9133432076 0.109401961224625
614.6917515424 0.105461411784285
615.47008051 0.10425866830532
616.2483301104 0.104166738556711
617.0265003436 0.10195746453388
617.8045912096 0.101386420571876
618.5826027084 0.0981547511927555
619.36053484 0.0976378518815373
620.1383876044 0.0966148638105965
620.9161610016 0.0945461258936844
621.6938550316 0.0957099706925159
622.4714696944 0.0958262032250863
623.24900499 0.0932513927360922
624.0264609184 0.0922954972883631
624.8038374796 0.0891817364512184
625.5811346736 0.0876724356488288
626.3583525004 0.088875388874071
627.13549096 0.0906116755594306
627.9125500524 0.0869036246418061
628.6895297776 0.0848159459914205
629.4664301356 0.0827075307391748
630.2432511264 0.0794993405708303
631.01999275 0.0773638136765269
631.7966550064 0.079033809302725
632.5732378956 0.0785201566543443
633.3497414176 0.0790962589438433
634.1261655724 0.0791233399066991
634.90251036 0.0764125420417695
635.6787757804 0.0742536267911414
636.4549618336 0.0726363461824022
637.2310685196 0.0732034557681841
638.0070958384 0.0726858788031474
638.78304379 0.0732571876944284
639.5589123744 0.0727370223843161
640.3347015916 0.0716817515598782
641.1104114416 0.0700681068916705
641.8860419244 0.0689986280466405
642.66159304 0.0673827846175776
643.4370647884 0.0652245626621548
644.2124571696 0.0647133320910016
644.9877701836 0.0663991343055388
645.7630038304 0.0664421987298866
646.53815811 0.0653778893253423
647.3132330224 0.0621185690242177
648.0882285676 0.0594159714462887
648.8631447456 0.0561510953565601
649.6379815564 0.0556387489529457
650.412739 0.0540319501657038
651.1874170764 0.0551759612666334
651.9620157856 0.0541074265825967
652.7365351276 0.0535946811997369
653.5109751024 0.0530817013513918
654.28533571 0.0498013117721948
655.0596169504 0.0498371430003025
655.8338188236 0.0509861566173793
656.6079413296 0.0499207045649945
657.3819844684 0.0499613767993777
658.15594824 0.0500028278778714
658.9298326444 0.050598953965325
659.7036376816 0.0489686098576187
660.4773633516 0.0518009370178854
661.2510096544 0.0490642425543326
662.02457659 0.0457596094533826
662.7980641584 0.0474755132974572
663.5714723596 0.0469631512969763
664.3448011936 0.0481304443925955
665.1180506604 0.0492993134418109
665.89122076 0.0487857815160147
666.6643114924 0.0454669341622778
667.4373228576 0.0449494398807691
668.2102548556 0.0416253897847975
668.9831074864 0.0394178231415692
669.75588075 0.040585618871727
670.5285746464 0.0400620184842063
671.3011891756 0.0361519503875852
672.0737243376 0.0356233269237647
672.8461801324 0.0333953838043415
673.61855656 0.0334338474113529
674.3908536204 0.0346091168245669
675.1630713136 0.0363527109138472
675.9352096396 0.0341178588057211
676.7072685984 0.0347287735622426
677.47924819 0.0336313679137616
678.2511484144 0.0336748980992052
679.0229692716 0.0365753970898659
679.7947107616 0.0371924174119828
680.5663728844 0.0355230989266677
681.33795564 0.0349939930029363
682.1094590284 0.0333181822379132
682.8808830496 0.0304855546883446
683.6522277036 0.0305270562333257
684.4234929904 0.0311463342873488
685.19467891 0.0329198766105644
685.9657854624 0.0341230893954262
686.7368126476 0.0335890259925311
687.5077604656 0.031318097364259
688.2786289164 0.0313675654857535
689.049418 0.0308345071428344
689.8201277164 0.0297174328984273
690.5907580656 0.0285935807336416
691.3613090476 0.0309740125766125
692.1317806624 0.0280935341351649
692.90217291 0.0275499842870519
693.6724857904 0.0270043439387633
694.4427193036 0.0276332974631359
695.2128734496 0.0282669841453138
695.9829482284 0.0283121400080967
696.75294364 0.0271701381948242
697.5228596844 0.0272086326517589
698.2926963616 0.027254052445903
699.0624536716 0.0267056653995342
699.8321316144 0.0261514875057629
700.60173019 0.0273874072520634
701.3712493984 0.0280343953105056
702.1406892396 0.0262864237726291
702.9100497136 0.0233323877737025
703.6793308204 0.0209766794425833
704.44853256 0.0222171791184926
705.2176549324 0.0216560580774605
705.9866979376 0.021692747176993
706.7556615756 0.0211260135886706
707.5245458464 0.0229812578169877
708.29335075 0.0212061275438466
709.0620762864 0.0206359809649675
709.8307224556 0.02006945403696
710.5992892576 0.0213342870622576
711.3677766924 0.022605806379262
712.13618476 0.0214258502013148
712.9045134604 0.0190172149318056
713.6727627936 0.0190650674337087
714.4409327596 0.017261324067327
715.2090233584 0.016679792284486
715.97703459 0.0142420348196571
716.7449664544 0.0161409266119526
717.5128189516 0.0168031976376682
718.2805920816 0.0149681404805142
719.0482858444 0.0131240806808533
719.81590024 0.0125279981850398
720.5834352684 0.0119319540076513
721.3508909296 0.0132149185580691
722.1182672236 0.0138697294049273
722.8855641504 0.0145336533363624
723.65278171 0.0145690445629381
724.4199199024 0.0165055005737377
725.1869787276 0.0152663918968485
725.9539581856 0.0140246059046827
726.7208582764 0.0153388451081679
727.487679 0.0153778010351706
728.2544203564 0.0141262923368993
729.0210823456 0.0160868474474099
729.7876649676 0.0148394875181758
730.5541682224 0.0148827245926229
731.32059211 0.0155679574997233
732.0869366304 0.0155996380880229
732.8532017836 0.0156338280483829
733.6193875696 0.0130590608882904
734.3854939884 0.0117762771079028
735.15152104 0.00917203160620981
735.9174687244 0.00983972634277969
736.6833370416 0.0105123555268905
737.4491259916 0.00987056056135813
738.2148355744 0.0098780845786275
738.98046579 0.00922141613588862
739.7460166384 0.00724903639718748
740.5114881196 0.00857660753849063
741.2768802336 0.00660410500159049
742.0421929804 0.00793036765484677
742.80742636 0.0125685405127714
743.5725803724 0.0145789596805609
744.3376550176 0.0146118726290284
745.1026502956 0.0139753606243496
745.8675662064 0.0140019383022354
746.63240275 0.0133710406495373
747.3971599264 0.0120757232350607
748.1618377356 0.0161589450657027
748.9264361776 0.0135091448377708
749.6909552524 0.0128739280492617
750.45539496 0.0129210145530489
751.2197553004 0.0102415667702143
751.9840362736 0.0095918025376437
752.7482378796 0.00893147939429845
753.5123601184 0.00688918582881119
754.27640299 0.00621984395784601
755.0403664944 0.00623897441180764
755.8042506316 0.00833893049905805
756.5680554016 0.00626616960957036
757.3317808044 0.00767286664397617
758.09542684 0.00908764090259021
758.8589935084 0.00770562350966761
759.6224808096 0.00771548392807049
760.3858887436 0.00702040476635959
761.1492173104 0.0105448464114806
761.91246651 0.0112686862889615
762.6756363424 0.0112886918396651
763.4387268076 0.0105968108502872
764.2017379056 0.00990203797424958
764.9646696364 0.00779413689711055
765.727522 0.00923604946041139
766.4902949964 0.010686752221953
767.2529886256 0.0121423435994357
768.0156028876 0.013605986343868
768.7781377824 0.0150894904761181
769.54059331 0.0122665872779602
770.3029694704 0.015943012309276
771.0652662636 0.0196434027496781
771.8274836896 0.0219139339939181
772.5896217484 0.0198124872544627
773.35168044 0.017698459183449
774.1136597644 0.0148220612774736
774.8755597216 0.0126563790310421
775.6373803116 0.0142074079882915
776.3991215344 0.0157793813443943
777.16078339 0.0151074117503082
777.9223658784 0.0144260285068087
778.6838689996 0.0114433611024056
779.4452927536 0.0084310948740585
780.2066371404 0.00616119643687724
780.96790216 0.00774058963572863
781.7290878124 0.0124487352847508
782.4901940976 0.0132919479364176
783.2512210156 0.0117839193482673
784.0121685664 0.00947227101767036
784.77303675 0.00555274559063329
785.5338255664 0.00557986194481018
786.2945350156 0.00480565551042246
787.0551650976 0.00643822288662081
787.8157158124 0.00485086432573999
788.57618716 0.00893484134573969
789.3365791404 0.00652944869587005
790.0968917536 0.00574097508085061
790.8571249996 0.00824001079453106
791.6172788784 0.00910690537452015
792.37735339 0.0108128472220435
793.1373485344 0.00919219257634062
793.8972643116 0.00755606529980396
794.6571007216 0.00590459547888696
795.4168577644 0.00508525867344495
796.17653544 0.00510962232059807
796.9361337484 0.00342180146176079
797.6956526896 0.0060137578014421
798.4550922636 0.00604060326807963
799.2144524704 0.00346829880714756
799.97373331 0.00174262386233218
800.7329347824 -0.00087547354811642
801.4920568876 0.00175846571428818
802.2510996256 0.00529647698392901
803.0100629964 0.00886468071105606
803.768947 0.00890682002754435
804.5277516364 0.011637811931108
805.2864769056 0.00809611812223865
806.0451228076 0.00903433215459225
806.8036893424 0.00725412625013409
807.56217651 0.00819340322838923
808.3205843104 0.00731667435540578
809.0789127436 0.00919209410525609
809.8371618096 0.00739036234305593
810.5953315084 0.00371010930155167
811.35342184 0.00372286944064585
812.1114328044 0.00467143442203817
812.8693644016 0.00187737719704269
813.6272166316 0.00377396469442986
814.3849894944 0.00473935115025767
815.14268299 0.0066606669867355
815.9002971184 0.0047731226755884
816.6578318796 0.00958210742817467
817.4152872736 0.00866464032022046
818.1726633004 0.0125829912535218
818.92995996 0.0145902360444398
819.6871772524 0.012693992257268
820.4443151776 0.0127336036638755
821.2013737356 0.0176923544503661
821.9583529264 0.017773511204761
822.71525275 0.0168775501221911
823.4720732064 0.0169647614307893
824.2288142956 0.0160288835511959
824.9854760176 0.0140639515527925
825.7420583724 0.0140997614138911
826.49856136 0.0111215743584245
827.2549849804 0.0101643167475502
828.0113292336 0.0102204482779326
828.7675941196 0.0102653182577686
829.5237796384 0.00411703337857106
830.27988579 0.00412555351167439
831.0359125744 0.00103485458903518
831.7918599916 -0.00208014452237365
832.5477280416 0.00104627974270386
833.3035167244 -0.00210358791765195
834.05922604 -0.002111007318384
834.8148559884 -0.00211580222742166
835.5704065696 -0.0042423634924039
836.3258777836 -0.00319483494122823
837.0812696304 -0.00428492689831372
837.83658211 -5.10341802306652E-09
838.5918152224 0.00433060515362601
839.3469689676 0.00759749593072904
840.1020433456 0.0108729172790729
840.8570383564 0.00981457192149689
841.611954 0.0142469350772399
842.3667902764 0.0154380950655859
843.1215471856 0.0155229628997383
843.8762247276 0.0144637068261741
844.6308229024 0.0122587240206227
845.38534171 0.00781362217934789
846.1397811504 0.0022404280755857
846.8941412236 0.00112636126531006
847.6484219296 -0.00226692454815653
848.4026232684 -4.04577039911001E-08
849.15674524 -0.00114226517720393
849.9107878444 -4.60324990522925E-08
850.6647510816 -0.00229200484801425
851.4186349516 -0.00575496674904604
852.1724394544 0.00115814802882538
852.92616459 0.00466261080711884
853.6798103584 0.00819844562788205
854.4333767596 0.0117383131563255
855.1868637936 0.0105768044159484
855.9402714604 0.0129569225828127
856.69359976 0.0071005958849488
857.4468486924 0.00833784010776793
858.2000182576 0.00839170771702375
858.9531084556 0.00842877521146626
859.7061192864 0.0108565062426783
860.45905075 0.00845452107545156
861.2119028464 0.00968843049872841
861.9646755756 0.00973739349003957
862.7173689376 0.0122538460978783
863.4699829324 0.0135649326349012
864.22251756 0.0111479577630193
864.9749728204 0.00992990433651736
865.7273487136 0.00994381884938168
866.4796452396 0.0124669315569702
867.2318623984 0.0150388590105504
867.98400019 0.0164012154652683
868.7360586144 0.0152354140241971
869.4880376716 0.0152993167044485
870.2399373616 0.0166059420162475
870.9917576844 0.0140709794369342
871.74349864 0.0128304521775134
872.4951602284 0.0141905418204131
873.2467424496 0.0233791067459483
873.9982453036 0.0196042364401636
874.7496687904 0.0157526057762178
875.50101291 0.0118403463738336
876.2522776624 0.0144938902793977
877.0034630476 0.0211407048277522
877.7545690656 0.0185934614033758
878.5055957164 0.0200610014838926
879.256543 0.017503521194471
880.0074109164 0.0175879233662124
880.7581994656 0.0203469583109016
881.5089086476 0.0190247766178447
882.2595384624 0.0231619481663478
883.01008891 0.0246450380892493
883.7605599904 0.0303227784495264
884.5109517036 0.027754748345592
885.2612640496 0.0195382469441964
886.0114970284 0.0196117664293444
886.76165064 0.0182490529243753
887.5117248844 0.0211044389298275
888.2617197616 0.0211881893519027
889.0116352716 0.0170504012254841
889.7614714144 0.0143067221606374
890.51122819 0.015838150964966
891.2609055984 0.0159072445277183
892.0105036396 0.0174020415521771
892.7600223136 0.0203516948213015
893.5094616204 0.0233354414230814
894.25882156 0.0249178086028659
895.0081021324 0.026555863600179
895.7573033376 0.0282279498577769
896.5064251756 0.0298910706658431
897.2554676464 0.0360264910108474
898.00443075 0.0391473403556711
898.7533144864 0.0407732115918413
899.5021188556 0.03639167161267
900.2508438576 0.0289714947107722
900.9994894924 0.0260980705822994
901.74805576 0.0278188857583766
902.4965426604 0.0264197242286249
903.2449501936 0.0265344222654104
903.9932783596 0.0234930584345469
904.7415271584 0.0204293212348124
905.48969659 0.0205191838846272
906.2377866544 0.0206414266671816
906.9857973516 0.0175878400876881
907.7337286816 0.0209304769815214
908.4815806444 0.0275341941458127
909.22935324 0.0292977456156338
909.9770464684 0.0245149302755126
910.7246603296 0.0262501572006336
911.4721948236 0.0280207282447659
912.2196499504 0.0281878338193674
912.96702571 0.0250475177189822
913.7143221024 0.0134593470771717
914.4615391276 0.011857951825993
915.2086767856 0.0153314430510944
915.9557350764 0.0188241687255472
916.702714 0.0206168755516389
917.4496135564 0.0206996964813514
918.1964337456 0.0225360953777269
918.9431745676 0.0209296729311903
919.6898360224 0.0210599740396877
920.43641811 0.028228314590011
921.1829208304 0.0283356181641409
921.9293441836 0.037263250862503
922.6756881696 0.0319620308848622
923.4219527884 0.0266410784195869
924.16813804 0.0213262833614521
924.9142439244 0.0142440577111842
925.6602704416 0.0142833453590515
926.4062175916 0.0143179134783466
927.1520853744 0.0179280046512476
927.89787379 0.0161495435311674
928.6435828384 0.012564602223018
929.3892125196 0.0161646644940899
930.1347628336 0.0125931511022468
930.8802337804 0.0162406869600681
931.62562536 0.0217620870444291
932.3709375724 0.029189985506517
933.1161704176 0.0348831372820362
933.8613238956 0.0332494490893538
934.6063980064 0.0353038754484629
935.35139275 0.0298992133558292
936.0963081264 0.0263206129178218
936.8411441356 0.0265083106952246
937.5859007776 0.0286414097995854
938.3305780524 0.0347010986200409
939.07517596 0.0350654136668605
939.8196945004 0.0334602285583517
940.5641336736 0.0238527859779806
941.3084934796 0.0260743822142726
942.0527739184 0.0222574317686845
942.79697499 0.0224543306471448
943.5410966944 0.0206035342635059
944.2851390316 0.0228877976299693
945.0291020016 0.0210229639757741
945.7729856044 0.0212458242249452
946.51678984 0.0171652198928371
947.2605147084 0.0173172617777672
948.0041602096 0.0152806629658259
948.7477263436 0.0242130017419231
949.4912131104 0.0221966560764817
950 0.0229688126399845
950.1 0.022041421389918
950.2 0.0200256178842478
950.3 0.0178264448675839
950.4 0.0146872010223678
950.5 0.0111570468946791
950.6 0.00760279328398165
950.7 0.00439596904035517
950.8 0.00187633777314119
950.9 0.00031830434675111
951 -9.64676706149149E-05
951.4546673696 -0.00230011640148285
953.0678593429 -0.00419674787251139
954.68092721 -0.00455816170676723
956.2938709709 -0.00794471814572262
957.9066906256 -0.0154568352432111
959.5193861741 -0.0120249372131288
961.1319576164 -0.0157358272848024
962.7444049525 -0.0100861616731209
964.3567281824 -0.0197447933715481
965.9689273061 -0.0182074276259885
967.5810023236 -0.0155707010366886
969.1929532349 -0.00591960187889449
970.80478004 -0.00258451087697835
972.4164827389 -0.00331579355129613
974.0280613316 -0.00257334762620036
975.6395158181 -0.00366723993750855
977.2508461984 -0.00365795715205057
978.8620524725 -0.00437784447671744
980.4731346404 -0.00873268827201412
982.0840927021 -0.00399063779633238
983.6949266576 -0.00903864563370626
985.3056365069 -0.00936629252347037
986.91622225 -0.0107651702930475
988.5266838869 -0.00965198242504161
990.1370214176 -0.0131758581498541
991.7472348421 -0.0166672215556638
993.3573241604 -0.0144771513321902
994.9672893725 -0.0116002531851154
996.5771304784 -0.0160957534339575
998.1868474781 -0.0174111072157524
999.7964403716 -0.0166375834001905
1001.4059091589 -0.0169071122421907
1003.01525384 -0.0154567937788695
1004.6244744149 -0.0211970633616785
1006.2335708836 -0.0261972379589858
1007.8425432461 -0.0189564989978025
1009.4513915024 -0.0134732558868849
1011.0601156525 -0.0134056752213502
1012.6687156964 -0.0153382780919332
1014.2771916341 -0.00696646050743646
1015.8855434656 -0.010233579301861
1017.4937711909 -0.00821173210231723
1019.10187481 -0.00784402234494417
1020.7098543229 -0.0110547746487624
1022.3177097296 -0.00905676426438125
1023.9254410301 -0.0064338321877254
1025.5330482244 -0.00831759985704449
1027.1405313125 -0.011133263183536
1028.7478902944 -0.0101227044336234
1030.3551251701 -0.0122684768185119
1031.9622359396 -0.0187692341026474
1033.5692226029 -0.00839715376142096
1035.17608516 -0.00927483594914508
1036.7828236109 -0.00768350631106575
1038.3894379556 -0.00519471065673956
1039.9959281941 -0.00820294098286195
1041.6022943264 -0.00453217421562795
1043.2085363525 -0.00510818516924769
1044.8146542724 -0.00717515752508461
1046.4206480861 -0.00535547575677175
1048.0265177936 -0.00503582234579173
1049.6322633949 0.000884975114675988
1051.23788489 -0.00293954646150322
1052.8433822789 -0.00322311401542612
1054.4487555616 -0.00613672734577146
1056.0540047381 -0.000583260354473001
1057.6591298084 0.00203732082648159
1059.2641307725 -0.00290665283920147
1060.8690076304 -0.00435634511373091
1062.4737603821 -0.00232210157980319
1064.0783890276 -0.00580266196538893
1065.6828935669 -0.00232028919313165
1067.287274 -0.00231975737834309
1068.8915303269 -0.00463826506882513
1070.4956625476 -0.00579571939288414
1072.0996706621 -0.00202745985526368
1073.7035546704 -0.00752675463296701
1075.3073145725 -0.00897081220625276
1076.9109503684 -0.010123767154451
1078.5144620581 -0.0049148903953263
1080.1178496416 -0.00317754977643692
1081.7211131189 -0.00115463004173806
1083.32425249 -0.00201888912186887
1084.9272677549 -0.00374592208249575
1086.5301589136 -0.00489431949597195
1088.1329259661 -0.00604138556990238
1089.7355689124 -0.00718596293510577
1091.3380877525 -0.00402004990026835
1092.9404824864 -0.00315523853512157
1094.5427531141 -0.000573068033232064
1096.1448996356 -0.00429266622617383
1097.7469220509 -0.00686048170104077
1099.34882036 -0.00256912655218728
1100.9505945629 -0.00427517505532524
1102.5522446596 -0.00398361842578144
1104.1537706501 -0.000284057306244129
1105.7551725344 0.00113474432741274
1107.3564503125 0.00113289418145504
1108.9576039844 -0.00141364097175899
1110.5586335501 -0.00197555931395502
1112.1595390096 -0.0014087768168521
1113.7603203629 0.00112548143951008
1115.36097761 0.00224772726739184
1116.9615107509 -0.00645149219445915
1118.5619197856 -0.0058798085648862
1120.1622047141 -0.00838353446314702
1121.7623655364 -0.00334628972675752
1123.3624022525 -0.00612150265565147
1124.9623148624 -0.00555195014582415
1126.5621033661 -0.00166120484424371
1128.1617677636 0.00165660637394052
1129.7613080549 0.00220112199740351
1131.36072424 0.000274212474736976
1132.9600163189 0.00163824211564884
1134.5591842916 0.00706942514988172
1136.1582281581 0.00568577514848745
1137.7571479184 0.00781818731150565
1139.3559435725 0.00187893541233065
1140.9546151204 -0.000267269768839019
1142.5531625621 0.00186234940392456
1144.1515858976 -0.00105957015368517
1145.7498851269 -0.0029004598250451
1147.34806025 -0.00419964038293248
1148.9461112669 -0.00444189751469769
1150.5440381776 -0.00338084439408572
1152.1418409821 -0.00517798009085362
1153.7395196804 -0.00618621564220319
1155.3370742725 -0.00821043717821471
1156.9345047584 -0.00970315848955384
1158.5318111381 -0.0055913108966608
1160.1289934116 -0.0108790911168466
1161.7260515789 -0.0100739742698422
1163.32298564 -0.0120362062577544
1164.9197955949 -0.0104878055039543
1166.5164814436 -0.010693145536412
1168.1130431861 -0.0106501089623493
1169.7094808224 -0.0096204262903504
1171.3057943525 -0.00810975293715243
1172.9019837764 -0.0063667195052238
1174.4980490941 -0.005612849860833
1176.0939903056 -0.00680825071519831
1177.6898074109 -0.00387665593960553
1179.28550041 -0.00458804141971861
1180.8810693029 -0.00288863069792263
1182.4765140896 -0.00647898172460703
1184.0718347701 -0.00502403728603352
1185.6670313444 -0.0107314667709594
1187.2621038125 -0.0130771411814157
1188.8570521744 -0.0156451591317449
1190.4518764301 -0.0155986329991924
1192.0465765796 -0.0190877869015978
1193.6411526229 -0.0185672925146793
1195.23560456 -0.0173430263995281
1196.8299323909 -0.0161245923926399
1198.4241361156 -0.0174758698193365
1200.0182157341 -0.0144081284160191
1201.6121712464 -0.0155308908824246
1203.2060026525 -0.0120253874571489
1204.7997099524 -0.0122249394620985
1206.3932931461 -0.00690171888865144
1207.9867522336 -0.0098682419963912
1209.5800872149 -0.00618178823812116
1211.17329809 -0.00228424850063238
1212.7663848589 -0.00501446981472011
1214.3593475216 -0.00864294547747412
1215.9521860781 -0.0077164494793563
1217.5449005284 -0.0058897954047021
1219.1374908725 -0.00700870418572589
1220.7299571104 -0.00632013228150976
1222.3222992421 -0.00541001974160982
1223.9145172676 -0.00900625796950613
1225.5066111869 -0.00742180432224579
1227.098581 -0.00584191422533706
1228.6904267069 -0.0107777957827992
1230.2821483076 -0.0114473854884928
1231.8737458021 -0.011668412593574
1233.4652191904 -0.0116669124600899
1235.0565684725 -0.018168011345363
1236.6477936484 -0.0161498842940723
1238.2388947181 -0.0174970409599927
1239.8298716816 -0.0148090271273054
1241.4207245389 -0.0132409959310839
1243.01145329 -0.0121198649692365
1244.6020579349 -0.0136935169167761
1246.1925384736 -0.0121231667687613
1247.7828949061 -0.0112245559966697
1249.3731272324 -0.00965405155162184
1250.9632354525 -0.0114519672739387
1252.5532195664 -0.00471610981185483
1254.1430795741 -0.0080853054579513
1255.7328154756 -0.00628894943210196
1257.3224272709 -0.00718683777998606
1258.91191496 -0.00965738072866213
1260.5012785429 -0.0125782923660308
1262.0905180196 -0.00763593764670356
1263.6796333901 -0.00696193733241399
1265.2686246544 -0.00628808197244262
1266.8574918125 -0.00471587560695316
1268.4462348644 -0.0029189213887325
1270.0348538101 -0.00426573107212076
1271.6233486496 -0.000448822452169069
1273.2117193829 -0.00134579169035908
1274.79996601 -0.00336242146055545
1276.3880885309 -0.00425646178093727
1277.9760869456 0.000223980607360314
1279.5639612541 -0.00581764347868471
1281.1517114564 -0.00603620591794949
1282.7393375525 -0.00871212529231492
1284.3268395424 -0.0071424133965519
1285.9142174261 -0.0089203215710778
1287.5014712036 -0.00957977747447733
1289.0886008749 -0.0115762889424883
1290.67560644 -0.011342861748042
1292.2624878989 -0.00978019902005853
1293.8492452516 -0.00644226638509021
1295.4358784981 -0.00799344844782745
1297.0223876384 -0.00687885491485132
1298.6087726725 -0.00909238164171437
1300.1950336004 -0.00686879952996879
1301.7811704221 -0.00774924800082904
1303.3671831376 -0.0106182849249329
1304.9530717469 -0.00906375503433507
1306.53883625 -0.0114851258959128
1308.1244766469 -0.00970992187167977
1309.7099929376 -0.0108000219586927
1311.2953851221 -0.00990427666744723
1312.8806532004 -0.00900984183443315
1314.4657971725 -0.00811851871977564
1316.0508170384 -0.00613474475381901
1317.6357127981 -0.00568796464681717
1319.2204844516 -0.00786265274580624
1320.8051319989 -0.00370747387529445
1322.38965544 -0.00457201193648166
1323.9740547749 -0.0043472557865283
1325.5583300036 -0.00759546809426436
1327.1424811261 -0.00433368670189477
1328.7265081424 -0.00908729433770036
1330.3104110525 -0.00972355542909049
1331.8941898564 -0.00971028324374387
1333.4778445541 -0.00926729458773966
1335.0613751456 -0.00882608304911406
1336.6447816309 -0.00795794949813334
1338.22806401 -0.00795288184394226
1339.8112222829 -0.00945887631372861
1341.3942564496 -0.00559431483284354
1342.9771665101 -0.00388106830670741
1344.5599524644 -0.00497386887038241
1346.1426143125 -0.000868589266130907
1347.7251520544 -0.000654945899886451
1349.3075656901 -0.0041788701442832
1350.8898552196 -0.00221788153463314
1352.4720206429 -0.0042530542811477
1354.05406196 -0.00451972901901068
1355.6359791709 -0.00456319805411144
1357.2177722756 -0.00322359136151994
1358.7994412741 -0.00371557902656508
1360.3809861664 -0.00303858608612898
1361.9624069525 -0.00445937575061552
1363.5437036324 -0.00540933990675346
1365.1248762061 -0.00634850189374094
1366.7059246736 -0.000469139632477485
1368.2868490349 0.000233848286534744
1369.86764929 -0.0034954329500803
1371.4483254389 -9.72869357579795E-08
1373.0288774816 -1.05900749027336E-07
1374.6093054181 0.000230297800839805
1376.1896092484 -0.000688795358681552
1377.7697889725 -0.000229024599787467
1379.3498445904 -0.000457184051086134
1380.9297761021 0.000912392506612316
1382.5095835076 0.00227746193314261
1384.0892668069 -0.00113648591270137
1385.668826 -0.00339886659874202
1387.2482610869 0.00158105243161251
1388.8275720676 -0.00135017060650236
1390.4067589421 0.000896739248851412
1391.9858217104 -0.000446577298694167
1393.5647603725 -0.000444662460783677
1395.1435749284 -0.0024332288861025
1396.7222653781 -0.00022013733033155
1398.3008317216 -0.00372513066803782
1399.8792739589 -0.00458173219325713
1401.45759209 -0.00434508279109069
1403.0357861149 -0.00541067482283813
1404.6138560336 -0.00516807630448855
1406.1918018461 -0.00514370846300902
1407.7696235524 -0.00810065508218477
1409.3473211525 -0.00741726167805269
1410.9248946464 -0.00653065556768183
1412.5023440341 -0.00544824672246835
1414.0796693156 -0.00541825842556278
1415.6568704909 -0.00518160888956915
1417.23394756 -0.00680667118184168
1418.8109005229 -0.00821358513665728
1420.3877293796 -0.00470153075934004
1421.9644341301 -0.0042774156411931
1423.5410147744 -0.00405891895997609
1425.1174713125 -0.00202292153625405
1426.6938037444 -0.00262274617895362
1428.2700120701 -0.00382451933919616
1429.8460962896 -0.00522195719344595
1431.4220564029 -0.00521348962959842
1432.99789241 -0.00260289346463517
1434.5736043109 0.000199949061563006
1436.1491921056 -5.49120943913107E-08
1437.7246557941 -0.00339035340483537
1439.2999953764 -0.00378378545493245
1440.8752108525 -0.0027849500490039
1442.4503022224 -0.00357586478685912
1444.0252694861 -0.00377068781899867
1445.6001126436 -0.00614217681440214
1447.1748316949 -0.00573842032235518
1448.74942664 -0.00632225221105671
1450.3238974789 -0.00710278382176287
1451.8982442116 -0.0092586507767771
1453.4724668381 -0.00688708777717625
1455.0465653584 -0.00648680199400205
1456.6205397725 -0.00648189672260237
1458.1943900804 -0.00844032898520822
1459.7681162821 -0.00883048226116401
1461.3417183776 -0.00647312992889974
1462.9151963669 -0.00608276314818278
1464.48855025 -0.00529832725955264
1466.0617800269 -0.00785269037874733
1467.6348856976 -0.0100149063493703
1469.2078672621 -0.0102165050010951
1470.7807247204 -0.0102160101249655
1472.3534580725 -0.00982242169593258
1473.9260673184 -0.00962364761379267
1475.4985524581 -0.00962252584349643
1477.0709134916 -0.00942224140012526
1478.6431504189 -0.0113800257621287
1480.21526324 -0.00901766322825563
1481.7872519549 -0.00744383955334843
1483.3591165636 -0.00821960358867245
1484.9308570661 -0.00215151561608083
1486.5024734624 -0.0043002630865501
1488.0739657525 -0.00214947473630202
1489.6453339364 -0.00292954790424416
1491.2165780141 -0.00331880234285403
1492.7876979856 -0.00253615081173025
1494.3586938509 -0.00272932178070009
1495.92956561 -0.000974270940127254
1497.5003132629 -0.00116873246136425
1499.0709368096 -0.002336229317388
1500.6414362501 0.00175157464996652
1502.2118115844 -0.00136199252678168
1503.7820628125 0.00369642617538502
1505.3521899344 0.0013621279876229
1506.9221929501 0.0021414455678385
1508.4920718596 0.00331106722652159
1510.0618266629 0.00370387430335003
1511.63145736 0.00507304088827759
1513.2009639509 0.00351616660687086
1514.7703464356 0.0044981718770603
1516.3396048141 0.00293844863753545
1517.9087390864 0.00215817986357042
1519.4777492525 0.00196567965883308
1521.0466353124 0.000196905366352242
1522.6153972661 -0.000394406506444962
1524.1840351136 -0.00158000172035536
1525.7525488549 -0.000989663080595252
1527.32093849 -0.00257765553287866
1528.8892040189 -0.00496680732680407
1530.4573454416 -0.00557178219192588
1532.0253627581 -0.00677860340537335
1533.5932559684 -0.00439246327770755
1535.1610250725 -0.00579885268145452
1536.7286700704 -0.00540455868598796
1538.2961909621 -0.00541166046926277
1539.8635877476 -0.00481490480961816
1541.4308604269 -0.00401724899461223
1542.998009 -0.00522550734308519
1544.5650334669 -0.00462767570041389
1546.1319338276 -0.00362491436299428
1547.6987100821 -0.00362920457768714
1549.2653622304 -0.00121078381384431
1550.8318902725 -0.00626372022057543
1552.3982942084 -0.00667432370094427
1553.9645740381 -0.0040499201540528
1555.5307297616 -0.00587785219775411
1557.0967613789 -0.00689997470661566
1558.66266889 -0.0062978791130244
1560.2284522949 -0.00671188487666134
1561.7941115936 -0.0061065570918474
1563.3596467861 -0.00631687987906369
1564.9250578724 -0.00469102342346348
1566.4903448525 -0.00632946286665123
1568.0555077264 -0.00224756787766042
1569.6205464941 -0.00327251968928679
1571.1854611556 -0.0106459111217085
1572.7502517109 -0.00717448776323206
1574.31491816 -0.00820743772977998
1575.8794605029 -0.0102722927514997
1577.4438787396 -0.0104902176802608
1579.0081728701 -0.010917271410037
1580.5723428944 -0.0101057808509846
1582.1363888125 -0.00970759651757018
1583.7003106244 -0.00930664708240167
1585.2641083301 -0.00890886808089393
1586.8277819296 -0.00705533095408897
1588.3913314229 -0.00207882937274856
1589.95475681 -0.00499829529717745
1591.5180580909 -0.00271281866582948
1593.0812352656 -0.00104521592123975
1594.6442883341 -0.00167572241106715
1596.2072172964 0.00230836373608565
1597.7700221525 0.000420646631699391
1599.3327029024 0.00252814677322328
1600.8952595461 -0.00189550345804246
1602.4576920836 -0.00422052132417149
1604.0200005149 -0.00401878739271252
1605.58218484 -0.00445026593094738
1607.1442450589 -0.00361025167265702
1608.7061811716 -0.00531954062741149
1610.2679931781 -0.00597185065084424
1611.8296810784 -0.00534383056052916
1613.3912448725 -0.00964609884009708
1614.9526845604 -0.00816810957394631
1616.5140001421 -0.00711923322894769
1618.0751916176 -0.00822361505709314
1619.6362589869 -0.00434486877268846
1621.19720225 -0.00392540636920717
1622.7580214069 -0.00394493596286571
1624.3187164576 -0.00484705701060272
1625.8792874021 -0.00620907657840157
1627.4397342404 -0.00491399934656067
1629.0000569725 -0.00540803129836311
1630.5602555984 -0.00568949302421825
1632.1203301181 -0.00576033141698095
1633.6802805316 -0.0128500129194879
1635.2401068389 -0.00713296629960205
1636.79980904 -0.00824856442353608
1638.3593871349 -0.0116825732050303
1639.9188411236 -0.00920046364818292
1641.4781710061 -0.00976885649270622
1643.0373767824 -0.0106809333944106
1644.5964584525 -0.0119925949759492
1646.1554160164 -0.013454906588349
1647.7142494741 -0.0151112947264261
1649.2729588256 -0.0166383736557095
1650.8315440709 -0.0162610089648183
1652.39000521 -0.0192180597174376
1653.9483422429 -0.0229980757535548
1655.5065551696 -0.0225104777003766
1657.0646439901 -0.0340025524585151
1658.6226087044 -0.029088735001461
1660.1804493125 -0.0254251512551761
1661.7381658144 -0.0256537143546106
1663.2957582101 -0.0370818676912071
1664.8532264996 -0.0331204806201315
1666.4105706829 -0.0326771308485861
1667.96779076 -0.0381082891307244
1669.5248867309 -0.0407611488760434
1671.0818585956 -0.0478601787115418
1672.6387063541 -0.0499646163822447
1674.1954300064 -0.0459322557628638
1675.7520295525 -0.0591404515227136
1677.3085049924 -0.0600698579374625
1678.8648563261 -0.0713689551750297
1680.4210835536 -0.0625237354640358
1681.9771866749 -0.061577494977824
1683.53316569 -0.0682292859174095
1685.0890205989 -0.0668871795433212
1686.6447514016 -0.0650847697686349
1688.2003580981 -0.0764528782506364
1689.7558406884 -0.0681553976115987
1691.3111991725 -0.073584156540885
1692.8664335504 -0.0873136340064441
1694.4215438221 -0.089850596595863
1695.9765299876 -0.0904597683286302
1697.5313920469 -0.0767232060917272
1699.08613 -0.104045983130825
1700.6407438469 -0.115742452036346
1702.1952335876 -0.0952083622917101
1703.7495992221 -0.133975621460232
1705.3038407504 -0.0810001409710848
1706.8579581725 -0.116573413875246
1708.4119514884 -0.0959133437090859
1709.9658206981 0.114263370119424
1711.5195658016 -0.511818279602904
1713.0731867989 0.351190290401913
1714.62668369 -0.38105723351639
1716.1800564749 -0.38105723351639
