293.753818 0
294.5642113164 0
295.3745252656 0
296.1847598476 0
296.9949150624 2.11562245527035
297.80499091 2.43439548022197
298.6149873904 2.30993017493176
299.4249045036 2.41377628649412
300.2347422496 2.2139170313854
301.0445006284 2.02907112670596
301.85417964 2.01400857575441
302.6637792844 1.9493637628858
303.4732995616 1.96449217762715
304.2827404716 1.93666199533106
305.0921020144 1.87719122133358
305.90138419 1.82762101555723
306.7105869984 1.91079636914523
307.5197104396 1.88547127921093
308.3287545136 1.80132358369525
309.1377192204 1.91094012998294
309.94660456 1.70666981914419
310.7554105324 1.68596383365502
311.5641371376 1.61544829114705
312.3727843756 1.49377692435448
313.1813522464 1.56655819602998
313.98984075 1.58075137052372
314.7982498864 1.58857377863698
315.6065796556 1.47034531315571
316.4148300576 1.36388752810714
317.2230010924 1.26316294322627
318.03109276 1.13918160559058
318.8391050604 1.27358634885413
319.6470379936 1.22315178715537
320.4548915596 1.26364420505236
321.2626657584 1.27803329829498
322.07036059 1.22076635921832
322.8779760544 1.23306777029369
323.6855121516 1.15905601994405
324.4929688816 1.258969078321
325.3003462444 1.25858873902938
326.10764424 1.27352746491916
326.9148628684 1.26001752103461
327.7220021296 1.1980664556407
328.5290620236 1.2441720430321
329.3360425504 1.20864294742747
330.14294371 1.2017046488768
330.9497655024 1.21040759993628
331.7565079276 1.13517171349813
332.5631709856 1.19236302577383
333.3697546764 1.17831139243317
334.176259 1.27095868913002
334.9826839564 1.33357739964431
335.7890295456 1.41070390351941
336.5952957676 1.538788840667
337.4014826224 1.65773753982113
338.20759011 1.81202870849058
339.0136182304 2.00928422122565
339.8195669836 2.19630084403887
340.6254363696 2.5232253882621
341.4312263884 2.76713172418704
342.23693704 2.99830545291699
343.0425683244 3.30232288087232
343.8481202416 3.64059433529618
344.6535927916 4.01504318588555
345.4589859744 4.39667055164391
346.26429979 4.73745883614303
347.0695342384 5.05161385249816
347.8746893196 5.41238032631839
348.6797650336 5.78216614442918
349.4847613804 6.16886218502799
350.28967836 6.63743932895196
351.0945159724 7.16820727904914
351.8992742176 7.72037210448044
352.7039530956 8.397405428239
353.5085526064 9.27043394685098
354.31307275 10.4048720500792
355.1175135264 11.9490729068408
355.9218749356 14.1207185515364
356.7261569776 16.9933617410652
357.5303596524 20.6118172398175
358.33448296 25.3652096175278
359.1385269004 31.5717151589035
359.9424914736 39.2884327764025
360.7463766796 48.1998423974601
361.5501825184 58.7480144331133
362.35390899 70.5946466341867
363.1575560944 83.6651685068422
363.9611238316 97.281427754726
364.7646122016 111.710300993934
365.5680212044 125.604350617114
366.37135084 137.964136504833
367.1746011084 148.309088473024
367.9777720096 157.585627827211
368.7808635436 163.366829207117
369.5838757104 166.661017223044
370.38680851 167.227829356013
371.1896619424 165.78203106463
371.9924360076 161.504966129174
372.7951307056 155.495436988348
373.5977460364 148.491542880881
374.400282 140.003229523742
375.2027385964 130.503463822623
376.0051158256 120.621047820846
376.8074136876 111.919235996616
377.6096321824 103.930159510808
378.41177131 95.7832900043561
379.2138310704 87.7668960681011
380.0158114636 79.6509031646974
380.8177124896 72.0254683149457
381.6195341484 64.4465354415801
382.42127644 57.6808717201387
383.2229393644 51.6077613555788
384.0245229216 45.9067091336204
384.8260271116 40.9443870356594
385.6274519344 36.369364607255
386.42879739 32.3426256461842
387.2300634784 28.8091075595581
388.0312501996 25.4583180775671
388.8323575536 22.5567502531295
389.6333855404 20.1344908667068
390.43433416 18.0696750025161
391.2352034124 16.1569973635961
392.0359932976 14.3769615161391
392.8367038156 12.7300327048291
393.6373349664 11.1619093321029
394.43788675 9.75504752321767
395.2383591664 8.56991721086061
396.0387522156 7.6094391865452
396.8390658976 6.80658965182869
397.6393002124 6.08185968946988
398.43945516 5.41087199345584
399.2395307404 4.74923878143286
400.0395269536 4.22316988759736
400.8394437996 3.75152980094849
401.6392812784 3.3356787734309
402.43903939 2.97574627177198
403.2387181344 2.65925729468354
404.0383175116 2.3944032674478
404.8378375216 2.18859003212736
405.6372781644 1.98723870083345
406.43663944 1.80925138856881
407.2359213484 1.63874491051668
408.0351238896 1.51449451393206
408.8342470636 1.38035301995933
409.6332908704 1.2712166063857
410.43225531 1.18616379333257
411.2311403824 1.10609218008871
412.0299460876 1.02649724412532
412.8286724256 0.960250622589141
413.6273193964 0.887703055561695
414.425887 0.838425111801837
415.2243752364 0.792719821590991
416.0227841056 0.771087216642839
416.8211136076 0.729995392869626
417.6193637424 0.698042524394996
418.41753451 0.66724004482245
419.2156259104 0.635377125007408
420.0136379436 0.608259993272121
420.8115706096 0.593158293070533
421.6094239084 0.569093145052522
422.40719784 0.556707721734738
423.2048924044 0.539140368235054
424.0025076016 0.525738336812584
424.8000434316 0.505435527637471
425.5974998944 0.489176801610055
426.39487699 0.480293083032221
427.1921747184 0.469789569675978
427.9893930796 0.462748347814897
428.7865320736 0.444228536261001
429.5835917004 0.436109041848286
430.38057196 0.434655359146735
431.1774728524 0.429994043587107
431.9742943776 0.422258582489527
432.7710365356 0.414538110029625
433.5676993264 0.410102428973783
434.36428275 0.408803456710337
435.1607868064 0.405909056535449
435.9572114956 0.404674473679638
436.7535568176 0.401940166621954
437.5498227724 0.408129970701388
438.34600936 0.405253998696486
439.1421165804 0.399498056888516
439.9381444336 0.395331598368391
440.7340929196 0.391207059457884
441.5299620384 0.388630403845135
442.32575179 0.384754458957633
443.1214621744 0.379628778012925
443.9170931916 0.375967533800277
444.7126448416 0.371029843196221
445.5081171244 0.370288941632315
446.30351004 0.368275338170497
447.0988235884 0.365007507072167
447.8940577696 0.360528930405385
448.6892125836 0.357422850993682
449.4842880304 0.35949934801292
450.27928411 0.360218952341476
451.0742008224 0.357134604461598
451.8690381676 0.359103528810098
452.6637961456 0.358469383486157
453.4584747564 0.355314745943405
454.253074 0.353360492710648
455.0475938764 0.353715814834095
455.8420343856 0.355192717468113
456.6363955276 0.355389018685263
457.4306773024 0.354401642307218
458.22487971 0.345221909670053
459.0190027504 0.339659678716359
459.8130464236 0.338803847698017
460.6070107296 0.335697983022727
461.4008956684 0.333800677023479
462.19470124 0.336422764557391
462.9884274444 0.331299144008978
463.7820742816 0.326363767983368
464.5756417516 0.323775244611779
465.3691298544 0.322377669084139
466.16253859 0.32217804902688
466.9558679584 0.328445217820284
467.7491179596 0.327284409597833
468.5422885936 0.326223761499842
469.3353798604 0.326335677616883
470.12839176 0.325530445039114
470.9213242924 0.321742081057519
471.7141774576 0.325232279780154
472.5069512556 0.323672183647932
473.2996456864 0.320125432337211
474.09226075 0.314559684777615
474.8847964464 0.310023216567323
475.6772527756 0.306530304513377
476.4696297376 0.307077731015224
477.2619273324 0.302573442591606
478.05414556 0.300004209255336
478.8462844204 0.297334985237913
479.6383439136 0.294573303216536
480.4303240396 0.293705100149091
481.2222247984 0.294694333174481
482.01404619 0.295609324255151
482.8057882144 0.298364212839737
483.5974508716 0.297203640338561
484.3890341616 0.29413361473764
485.1805380844 0.291051826560669
485.97196264 0.290718102785304
486.7633078284 0.287601565777095
487.5545736496 0.288209313689664
488.3457601036 0.287020996983643
489.1368671904 0.281369261651781
489.92789491 0.277584087727837
490.7188432624 0.273844202303958
491.5097122476 0.270189926188376
492.3005018656 0.270953877638956
493.0912121164 0.274300501515846
493.881843 0.27246584449987
494.6723945164 0.271481016995605
495.4628666656 0.271397659729051
496.2532594476 0.268773485082142
497.0435728624 0.268711033608614
497.83380691 0.269530867833131
498.6239615904 0.271135727186165
499.4140369036 0.269434483104236
500.2040328496 0.270232070948735
500.9939494284 0.270216641653939
501.78378664 0.2662042020769
502.5735444844 0.267099744552298
503.3632229616 0.269634818789036
504.1528220716 0.267400389220191
504.9423418144 0.26517549697694
505.73178219 0.261384045553165
506.5211431984 0.260021204230151
507.3104248396 0.257926733063739
508.0996271136 0.25971184541942
508.8887500204 0.259216195126934
509.67779356 0.254157678893613
510.4667577324 0.253764801913893
511.2556425376 0.254150184975626
512.0444479756 0.250780276756686
512.8331740464 0.251219581348816
513.62182075 0.252384606965488
514.4103880864 0.254324509630464
515.1988760556 0.25477278394194
515.9872846576 0.255916829033717
516.7756138924 0.249694960318341
517.56386376 0.247138468984885
518.3520342604 0.24896133875456
519.1401253936 0.248551261669375
519.9281371596 0.241542976538767
520.7160695584 0.240338674038338
521.50392259 0.237686716446265
522.2916962544 0.235803793540963
523.0793905516 0.234631905193627
523.8670054816 0.228514509519837
524.6545410444 0.221784436160798
525.44199724 0.22355661754836
526.2293740684 0.22396295202797
527.0166715296 0.220248790905572
527.8038896236 0.215246009484922
528.5910283504 0.217924241690183
529.37808771 0.217932285702169
530.1650677024 0.218020227385394
530.9519683276 0.21681062237852
531.7387895856 0.217086827623114
532.5255314764 0.221476480248243
533.312194 0.223186139867013
534.0987771564 0.221556535814838
534.8852809456 0.216568149617916
535.6717053676 0.217043955046077
536.4580504224 0.220890963938241
537.24431611 0.219977939421267
538.0305024304 0.217007776112481
538.8166093836 0.213959723318991
539.6026369696 0.212869728776531
540.3885851884 0.209701041447969
541.17445404 0.205144477327801
541.9602435244 0.205218535211147
542.7459536416 0.200538138685942
543.5315843916 0.200472934800909
544.3171357744 0.199048984247058
545.10260779 0.195601874434658
545.8880004384 0.194093307368689
546.6733137196 0.195193793702729
547.4585476336 0.195621300910358
548.2437021804 0.19282899524825
549.02877736 0.1926132143238
549.8137731724 0.189842884006001
550.5986896176 0.187135151080133
551.3835266956 0.188267677058051
552.1682844064 0.18687866849697
552.95296275 0.184226679814535
553.7375617264 0.182872904466895
554.5220813356 0.181580417383445
555.3065215776 0.179038010066396
556.0908824524 0.177145771907629
556.87516396 0.177130856763572
557.6593661004 0.174040472822777
558.4434888736 0.174671759422687
559.2275322796 0.172846337892877
560.0114963184 0.172878214346855
560.79538099 0.173521944462073
561.5791862944 0.174773515580635
562.3629122316 0.173019137305893
563.1465588016 0.172469942227113
563.9301260044 0.168929752906241
564.71361384 0.167228579476263
565.4970223084 0.163763040394342
566.2803514096 0.165093817526831
567.0636011436 0.166427911321778
567.8467715104 0.164805577930318
568.62986251 0.162012160985287
569.4128741424 0.161010350825576
570.1958064076 0.158246608842616
570.9786593056 0.158448137389031
571.7614328364 0.157495945289614
572.544127 0.157706070055118
573.3267417964 0.157329515756424
574.1092772256 0.157526300897397
574.8917332876 0.154261654273528
575.6741099824 0.149866515265593
576.45640731 0.148377151372016
577.2386252704 0.146892665237807
578.0207638636 0.146004859612562
578.8028230896 0.14340982801075
579.5848029484 0.138543721183823
580.36670344 0.133717913382032
581.1485245644 0.132341766898063
581.9302663216 0.129828818285921
582.7119287116 0.12734220176985
583.4935117344 0.126004079156871
584.27501539 0.124663378226409
585.0564396784 0.122769750184977
585.8377845996 0.123151568128956
586.6190501536 0.118469725601528
587.4002363404 0.117744994436057
588.18134316 0.117023961307479
588.9623706124 0.116868130731565
589.7433186976 0.115611002455601
590.5241874156 0.115481971097503
591.3049767664 0.114797599447178
592.08568675 0.113008536014326
592.8663173664 0.11291281341308
593.6468686156 0.11115387473833
594.4273404976 0.109404909772163
595.2077330124 0.110443901310396
595.98804616 0.109248504401057
596.7682799404 0.109737020405879
597.5484343536 0.108547760573137
598.3285093996 0.107350866735502
599.1085050784 0.105041013283379
599.88842139 0.106064698198484
600.6682583344 0.106519603499207
601.4480159116 0.104191921637183
602.2276941216 0.102968163153879
603.0072929644 0.101180500144853
603.78681244 0.0977323684085458
604.5662525484 0.097048081465088
605.3456132896 0.0958039302707368
606.1248946636 0.0978398396026122
606.9040966704 0.0965711610735444
607.68321931 0.0958422107777697
608.4622625824 0.0934662301949006
609.2412264876 0.0905430766977467
610.0201110256 0.0919867116333639
610.7989161964 0.0928729887906363
611.577642 0.0910600821462531
612.3562884364 0.0924973201483037
613.1348555056 0.0907001552113766
613.9133432076 0.0889231295419604
614.6917515424 0.0860912778938493
615.47008051 0.0859868408867496
616.2483301104 0.0859110224619077
617.0265003436 0.0847859732879224
617.8045912096 0.0836843266316697
618.5826027084 0.0804550065296475
619.36053484 0.0793981104932442
620.1383876044 0.0805126536593228
620.9161610016 0.0800421298578304
621.6938550316 0.0801170300916313
622.4714696944 0.0802143209121357
623.24900499 0.0765418641746541
624.0264609184 0.0744843537091803
624.8038374796 0.0718861376303652
625.5811346736 0.0708958550076519
626.3583525004 0.0715341023144915
627.13549096 0.0721640603420106
627.9125500524 0.0695231475267879
628.6895297776 0.0674180433964375
629.4664301356 0.0652956574951276
630.2432511264 0.0658866221961555
631.01999275 0.0653780267569647
631.7966550064 0.0664975738012521
632.5732378956 0.0659789011108471
633.3497414176 0.0660046291749922
634.1261655724 0.0649358855852559
634.90251036 0.0644050085100962
635.6787757804 0.0644260692332058
636.4549618336 0.0649905251402166
637.2310685196 0.0650091581180296
638.0070958384 0.062848823793194
638.78304379 0.0612300524992427
639.5589123744 0.0601586074363035
640.3347015916 0.0607381224706608
641.1104114416 0.0613097159569352
641.8860419244 0.0602370164042318
642.66159304 0.0580698315116194
643.4370647884 0.0564549835977676
644.2124571696 0.0542935102112736
644.9877701836 0.053777950231597
645.7630038304 0.0543619299858743
646.53815811 0.0543901269518704
647.3132330224 0.0527733953777504
648.0882285676 0.051163835402444
648.8631447456 0.0473431589327144
649.6379815564 0.0462738956568389
650.412739 0.0452104817982312
651.1874170764 0.0463478877005379
651.9620157856 0.0452736424382247
652.7365351276 0.0447544010254063
653.5109751024 0.0442348281244857
654.28533571 0.0420545017947837
655.0596169504 0.041531015850022
655.8338188236 0.0426732644534403
656.6079413296 0.0421553274522815
657.3819844684 0.0432999208600309
658.15594824 0.0427802631548258
658.9298326444 0.0444826553063113
659.7036376816 0.0422911220217276
660.4773633516 0.0434460122473104
661.2510096544 0.0412586246512524
662.02457659 0.0390631290188579
662.7980641584 0.038539015363503
663.5714723596 0.0380178556278177
664.3448011936 0.0352584412051132
665.1180506604 0.034173489711332
665.89122076 0.0325239596444898
666.6643114924 0.0325566668699982
667.4373228576 0.0286553736885969
668.2102548556 0.0275628540552829
668.9831074864 0.0259032290058557
669.75588075 0.0253661045253082
670.5285746464 0.0265200275218402
671.3011891756 0.0259842945653612
672.0737243376 0.0271416560318141
672.8461801324 0.0288672438572397
673.61855656 0.0306005050915337
674.3908536204 0.0323396983758283
675.1630713136 0.0312406556263149
675.9352096396 0.0307061050949477
676.7072685984 0.031312861296874
677.47924819 0.0307812812848134
678.2511484144 0.0319626345179982
679.0229692716 0.0325749890751668
679.7947107616 0.0320427281480622
680.5663728844 0.0286476900888764
681.33795564 0.0258152819256873
682.1094590284 0.0229780953547859
682.8808830496 0.0201320063022086
683.6522277036 0.0207353940163064
684.4234929904 0.0236481681624101
685.19467891 0.0248343228409638
685.9657854624 0.0260261165302335
686.7368126476 0.0249022414035642
687.5077604656 0.0214587292685205
688.2786289164 0.0220735031277789
689.049418 0.0232713563157908
689.8201277164 0.0238905082892324
690.5907580656 0.0250923429220135
691.3613090476 0.0274675402168991
692.1317806624 0.0228260189138188
692.90217291 0.0222744796799961
693.6724857904 0.0217209088165754
694.4427193036 0.0205780203438
695.2128734496 0.0200224809682811
695.9829482284 0.0206443002899354
696.75294364 0.0200823101022319
697.5228596844 0.0183362880854417
698.2926963616 0.0183668971366542
699.0624536716 0.0166168940314128
699.8321316144 0.0178305844788081
700.60173019 0.0202428909265697
701.3712493984 0.0196837528191959
702.1406892396 0.019714841519443
702.9100497136 0.0185462713299346
703.6793308204 0.0185793485821496
704.44853256 0.0198153284099644
705.2176549324 0.017445165689397
705.9866979376 0.018679872203047
706.7556615756 0.0187116157923
707.5245458464 0.0211669498360453
708.29335075 0.0187825802736956
709.0620762864 0.0194221065777777
709.8307224556 0.0200694554765603
710.5992892576 0.0176769881300465
711.3677766924 0.0183290412296593
712.13618476 0.0177528550112967
712.9045134604 0.0165633825742955
713.6727627936 0.0184500627223157
714.4409327596 0.0191107460165565
715.2090233584 0.0166797922844891
715.97703459 0.0142420348196571
716.7449664544 0.0142785188992612
717.5128189516 0.013691504575857
718.2805920816 0.013097131041215
719.0482858444 0.0137490409196174
719.81590024 0.0137807994863759
720.5834352684 0.0144439397081632
721.3508909296 0.0144734809533209
722.1182672236 0.0138697294051046
722.8855641504 0.0139017545198585
723.65278171 0.0158359131782867
724.4199199024 0.017775149608417
725.1869787276 0.017174681848429
725.9539581856 0.0133871172324669
726.7208582764 0.0127823711756942
727.487679 0.0134555738199946
728.2544203564 0.0115578716788264
729.0210823456 0.0115825333307348
729.7876649676 0.0122587072128493
730.5541682224 0.014235639486471
731.32059211 0.0129732930535632
732.0869366304 0.0116997235650927
732.8532017836 0.0110739585145515
733.6193875696 0.0111001998231421
734.3854939884 0.011776272461847
735.15152104 0.00851688117428302
735.9174687244 0.00852775962151135
736.6833370416 0.00919831050338657
737.4491259916 0.00921252215260555
738.2148355744 0.00592684232850155
738.98046579 0.00263469032446161
739.7460166384 0.00197701077747107
740.5114881196 0.00197921976759378
741.2768802336 0.000660406747415486
742.0421929804 -3.12943093735181E-09
742.80742636 0.00463051880013094
743.5725803724 0.00728948297817083
744.3376550176 0.00730594103190186
745.1026502956 0.00665493828244001
745.8675662064 0.00600083476021441
746.63240275 0.00869118473213922
747.3971599264 0.00939223977163351
748.1618377356 0.012119222348679
748.9264361776 0.0108073241858478
749.6909552524 0.00948605900123664
750.45539496 0.0108808602920251
751.2197553004 0.0088760276590154
751.9840362736 0.00822154804430741
752.7482378796 0.00893147939390862
753.5123601184 0.00757810326950231
754.27640299 0.00760202732220984
755.0403664944 0.00554574974401876
755.8042506316 0.00625419417223379
756.5680554016 0.00556991920076092
757.3317808044 0.00837039246848007
758.09542684 0.009786686001436
758.8589935084 0.00700510805983743
759.6224808096 0.00701407071257319
760.3858887436 0.00702039978003562
761.1492173104 0.00702990260095013
761.91246651 0.00915581000678686
762.6756363424 0.00987760682126794
763.4387268076 0.0127161770342387
764.2017379056 0.0113166165021877
764.9646696364 0.00850269952435216
765.727522 0.00639419766291831
766.4902949964 0.00783696264977501
767.2529886256 0.0114280933656122
768.0156028876 0.0150381867778255
768.7781377824 0.0158080289744148
769.54059331 0.0129881430965547
770.3029694704 0.0130442792120463
771.0652662636 0.0145506725324003
771.8274836896 0.0146092939424064
772.5896217484 0.0132083265748885
773.35168044 0.0117989768640821
774.1136597644 0.0133398574317599
774.8755597216 0.0119118864588867
775.6373803116 0.00972086629816655
776.3991215344 0.00826541953926998
777.16078339 0.00755373448974489
777.9223658784 0.0121482482507964
778.6838689996 0.0129691429437356
779.4452927536 0.00919755408522732
780.2066371404 0.00539103799321729
780.96790216 0.00774058230505461
781.7290878124 0.0124487242321012
782.4901940976 0.0132919331269482
783.2512210156 0.0149262722978145
784.0121685664 0.0165764476492867
784.77303675 0.0134851963648499
785.5338255664 0.0119567971477438
786.2945350156 0.00961127309496433
787.0551650976 0.00965730098564561
787.8157158124 0.0129355903479996
788.57618716 0.0194941470257913
789.3365791404 0.0195882784525865
790.0968917536 0.018042999628025
790.8571249996 0.0173039795527937
791.6172788784 0.0157300857606328
792.37735339 0.0158033713400097
793.1373485344 0.0167130516899744
793.8972643116 0.0184703491549126
794.6571007216 0.016870239414566
795.4168577644 0.016103293044312
796.17653544 0.0127740356375671
796.9361337484 0.00855449859071183
797.6956526896 0.00773197373486894
798.4550922636 0.00604060939711325
799.2144524704 0.00606953061026066
799.97373331 0.00609921652462233
800.7329347824 0.000875469402846014
801.4920568876 4.16350253383672E-09
802.2510996256 -0.000882742332161734
803.0100629964 0.000886473737955665
803.768947 0.000890687696542541
804.5277516364 0.00537131232504561
805.2864769056 0.00449786114990699
806.0451228076 0.00542061768801771
806.8036893424 0.00634737657046952
807.56217651 0.00364151925177036
808.3205843104 0.0018291734608391
809.0789127436 0.00735368137771596
809.8371618096 0.0101617525957441
810.5953315084 0.0111303279053094
811.35342184 0.00837645789460652
812.1114328044 0.00747430171166935
812.8693644016 0.00657084574911942
813.6272166316 0.00754794055856774
814.3849894944 0.00568722182918661
815.14268299 0.00761218891107436
815.9002971184 0.00859161855629624
816.6578318796 0.00862389577789941
817.4152872736 0.00385094948047069
818.1726633004 0.00387168767715016
818.92995996 0.00486340433804469
819.6871772524 0.00390583505717608
820.4443151776 0.00391802172796657
821.2013737356 0.00294872186306623
821.9583529264 0.00296224797100685
822.71525275 0.00397118992336974
823.4720732064 0.00199585748276967
824.2288142956 0.00500901647490611
824.9854760176 0.00703196864191327
825.7420583724 0.00805699494115723
826.49856136 0.00606629892458123
827.2549849804 0.00406571466734329
828.0113292336 0.00613225928833827
828.7675941196 0.00923877671096464
829.5237796384 0.00514627405676845
830.27988579 0.00515692418659228
831.0359125744 0.00413938405549799
831.7918599916 0.00208013959827256
832.5477280416 -0.00313883922736306
833.3035167244 -0.00736257638888949
834.05922604 -0.00211100981733858
834.8148559884 -0.00105789860892843
835.5704065696 -0.00106058396749924
836.3258777836 -0.00212988239641744
837.0812696304 -0.00535614784339874
837.83658211 -0.00107771813478339
838.5918152224 0.00324796924540917
839.3469689676 0.00759750620982193
840.1020433456 0.013047505883604
840.8570383564 0.0141765947069806
841.611954 0.0186306026188791
842.3667902764 0.0132326626110764
843.1215471856 0.00997905657956756
843.8762247276 0.0122385321036424
844.6308229024 0.0144875930088963
845.38534171 0.0133948031554514
846.1397811504 0.0123224061371777
846.8941412236 0.00788474487983413
847.6484219296 0.00340031973193265
848.4026232684 0.0034175009553473
849.15674524 0.00799556416464329
849.9107878444 0.0102928921935232
850.6647510816 0.0137517306262263
851.4186349516 0.0126608145724885
852.1724394544 0.0104236393760204
852.92616459 0.00932526853121599
853.6798103584 0.0105408733212024
854.4333767596 0.00939065274826689
855.1868637936 0.0117520027425208
855.9402714604 0.0141348223540452
856.69359976 0.0130177577215565
857.4468486924 0.00952895287180093
858.2000182576 0.00599407045330409
858.9531084556 0.00361232775381194
859.7061192864 0.00844394803068421
860.45905075 0.0108700883131647
861.2119028464 0.0108994975714816
861.9646755756 0.0121717569909132
862.7173689376 0.0159300170433536
863.4699829324 0.012331764637193
864.22251756 0.0136253025638574
864.9749728204 0.0136536496863771
865.7273487136 0.0161587391046343
866.4796452396 0.0211938196561232
867.2318623984 0.0238115544590874
867.98400019 0.0227093966274258
868.7360586144 0.0203139074083397
869.4880376716 0.0242239093115578
870.2399373616 0.0255475919356122
870.9917576844 0.0243044085657039
871.74349864 0.0269439492700511
872.4951602284 0.0258009715228046
873.2467424496 0.027275612236132
873.9982453036 0.0209111793474486
874.7496687904 0.0170653164492158
875.50101291 0.0118403432591326
876.2522776624 0.00922340032136964
877.0034630476 0.0118916740338573
877.7545690656 0.00796865192044433
878.5055957164 0.00802443605795821
879.256543 0.00269290042010369
880.0074109164 0.00541171924035159
880.7581994656 0.00271298515595198
881.5089086476 -0.00135886665271701
882.2595384624 0.00544990734818767
883.01008891 0.00410754362741158
883.7605599904 0.00826987892782103
884.5109517036 0.0152651324536086
885.2612640496 0.0125603138794631
886.0114970284 0.0140084188061412
886.76165064 0.0112301991976148
887.5117248844 0.0168835658000655
888.2617197616 0.0141254707151937
889.0116352716 0.0156295532385122
889.7614714144 0.0185987367766952
890.51122819 0.0187178147770751
891.2609055984 0.0245839196260018
892.0105036396 0.0275532230157296
892.7600223136 0.0247127867870983
893.5094616204 0.0247939168708361
894.25882156 0.0234520623001266
895.0081021324 0.0280311887732744
895.7573033376 0.0282279498575644
896.5064251756 0.0298910777422501
897.2554676464 0.0345253912163866
898.00443075 0.0331246753504766
898.7533144864 0.0302023845184183
899.5021188556 0.0272937590943092
900.2508438576 0.0259218604583743
900.9994894924 0.0245628801249629
901.74805576 0.0278188747811238
902.4965426604 0.0295279175556027
903.2449501936 0.0249735745491255
903.9932783596 0.0234930547265075
904.7415271584 0.0220007948910868
905.48969659 0.0173623763031912
906.2377866544 0.0190536205677822
906.9857973516 0.02078562609772
907.7337286816 0.0225405057557014
908.4815806444 0.0178162446241554
909.22935324 0.0195318316948549
909.9770464684 0.0196119434464556
910.7246603296 0.0229688885215924
911.4721948236 0.0313172661445241
912.2196499504 0.0298459285285386
912.96702571 0.0267173382647837
913.7143221024 0.0218714061386292
914.4615391276 0.0186338830456157
915.2086767856 0.0221453711345535
915.9557350764 0.0222467187060992
916.702714 0.0257710659656437
917.4496135564 0.0189747272202352
918.1964337456 0.0121348486881537
918.9431745676 0.00523245849637086
919.6898360224 -0.00175493100631841
920.43641811 6.68352601681173E-08
921.1829208304 0.00354200678093926
921.9293441836 0.0106466851169709
922.6756881696 0.00887838535637191
923.4219527884 0.00355216902039915
924.16813804 -0.00177717870812641
924.9142439244 -0.00178050088981229
925.6602704416 0.00714168536117629
926.4062175916 0.0143179346649773
927.1520853744 0.0197208314322459
927.89787379 0.0197383706334387
928.6435828384 0.0179494542093779
929.3892125196 0.019756825860978
930.1347628336 0.017990232288573
930.8802337804 0.0180452262465073
931.62562536 0.0253891122857936
932.3709375724 0.0291900071028959
933.1161704176 0.0293752918025573
933.8613238956 0.0258607040057624
934.6063980064 0.02415529964054
935.35139275 0.0242931277193032
936.0963081264 0.0244405780402565
936.8411441356 0.0284017755481837
937.5859007776 0.0267319993570482
938.3305780524 0.0289176012015116
939.07517596 0.0292211803612329
939.8196945004 0.0216507481862943
940.5641336736 0.0178895953656008
941.3084934796 0.0200572258539269
942.0527739184 0.0182106351372763
942.79697499 0.0244956360687295
943.5410966944 0.0206035342629265
944.2851390316 0.0228878025555389
945.0291020016 0.0168183662025716
945.7729856044 0.0191212352625975
946.51678984 0.0150195559756133
947.2605147084 0.0173172720279107
948.0041602096 0.0196465762686133
948.7477263436 0.0242130069533087
949.4912131104 0.0244163153781604
950 0.0251949834726706
950.1 0.0242032090060715
950.2 0.0219810931781755
950.3 0.0145343161212835
950.4 0.0123351161578565
950.5 0.00942975796640989
950.6 0.00613791626127807
950.7 0.0028549291550127
950.8 1.12480942971796E-05
950.9 -0.00197507132325326
951 -0.00274766111643099
951.4546673696 -0.00191683682263372
953.0678593429 -0.00267077909759746
954.68092721 -0.00151954483762101
956.2938709709 -0.00416165773522859
957.9066906256 -0.0101790188537349
959.5193861741 -0.00676415421201931
961.1319576164 -0.00262273804840432
962.7444049525 0.00597700349342142
964.3567281824 -0.000372566589090419
965.9689273061 0.00966104495499743
967.5810023236 0.010751039074571
969.1929532349 0.0159080139820336
970.80478004 0.0166124527088505
972.4164827389 0.0187878400936476
974.0280613316 0.0216871626927816
975.6395158181 0.023469459995708
977.2508461984 0.0230442616562656
978.8620524725 0.0178756748962226
980.4731346404 0.0127349175104793
982.0840927021 0.018139132624755
983.6949266576 0.00795387274778114
985.3056365069 0.00576380746870552
986.91622225 0.00538275165499184
988.5266838869 0.00750728216653533
990.1370214176 0.00498555667599603
991.7472348421 0.00248244320632158
993.3573241604 0.00317799673859649
994.9672893725 0.000703115031860641
996.5771304784 0.00104977180530046
998.1868474781 0.00487517688434064
999.7964403716 0.00207978398990792
1001.4059091589 0.00345055167178924
1003.01525384 0.00652633094905624
1004.6244744149 -0.00136755527932349
1006.2335708836 -0.00714472343901876
1007.8425432461 -0.00406213123825025
1009.4513915024 -0.000673681985404824
1011.0601156525 -0.00368655298655948
1012.6687156964 0.000333437984888598
1014.2771916341 0.00630288124169519
1015.8855434656 0.00264084938496108
1017.4937711909 0.00394146224557691
1019.10187481 0.00228768104329393
1020.7098543229 0.00292612621736858
1022.3177097296 0.00582205853349118
1023.9254410301 0.00611214211661467
1025.5330482244 0.00799778146783502
1027.1405313125 0.00508956439319788
1028.7478902944 0.00695942438575884
1030.3551251701 0.00377496821351757
1031.9622359396 -0.00250250022430336
1033.5692226029 0.00528701558790398
1035.17608516 0.00401907924037041
1036.7828236109 0.00706879270994228
1038.3894379556 0.00733356280158775
1039.9959281941 0.0072914103667522
1041.6022943264 0.00997053327224893
1043.2085363525 0.00811276152487923
1044.8146542724 0.00926759164251282
1046.4206480861 0.00922294247194878
1048.0265177936 0.0130333922645268
1049.6322633949 0.0147516156203305
1051.23788489 0.00881852914486011
1052.8433822789 0.00849716820769893
1054.4487555616 0.00146114402753711
1056.0540047381 0.00233263568052813
1057.6591298084 0.0020374237742297
1059.2641307725 0.00145327866886214
1060.8690076304 -0.00145204781434216
1062.4737603821 -0.00145127987279213
1064.0783890276 -4.42471542649878E-09
1065.6828935669 -0.00087015169525307
1067.287274 -0.00144988560158291
1068.8915303269 0.00115947762025936
1070.4956625476 -7.4993919151511E-08
1072.0996706621 0.00781998601537083
1073.7035546704 0.00694770180683867
1075.3073145725 0.00231504314836228
1076.9109503684 -0.00057856562902017
1078.5144620581 0.0031800435759157
1080.1178496416 0.00317729813592265
1081.7211131189 0.0037520178723487
1083.32425249 -0.000576885266105487
1084.9272677549 -0.000288228285583485
1086.5301589136 -0.00172743243341351
1088.1329259661 0.0017260030415442
1089.7355689124 0.00143713692036212
1091.3380877525 -4.04216476440999E-08
1092.9404824864 0.00602336105872838
1094.5427531141 0.00658991255120763
1096.1448996356 0.0048650943015767
1097.7469220509 0.00114354101050679
1099.34882036 0.003425739116752
1100.9505945629 0.00598546912682964
1102.5522446596 0.00739842751183749
1104.1537706501 0.00710268932879713
1105.7551725344 0.00510634068033969
1107.3564503125 0.00311548011671205
1108.9576039844 0.00452392685171859
1110.5586335501 0.00366911184207033
1112.1595390096 0.00619897319393773
1113.7603203629 0.00703398743142855
1115.36097761 0.00955277436618159
1116.9615107509 0.00560998105977322
1118.5619197856 0.00559981938957878
1120.1622047141 0.00363283688957107
1121.7623655364 0.0058563446209018
1123.3624022525 0.000278313996846423
1124.9623148624 0.00333138523725428
1126.5621033661 0.00581462135236617
1128.1617677636 0.00800643674370567
1129.7613080549 0.0104548250533398
1131.36072424 0.00904491027445814
1132.9600163189 0.00955570329153589
1134.5591842916 0.0114197756156185
1136.1582281581 0.0129959079609575
1137.7571479184 0.0110532185823151
1139.3559435725 0.0112737779904505
1140.9546151204 0.0120255470302024
1142.5531625621 0.0130366223969116
1144.1515858976 0.00794703239537156
1145.7498851269 0.00685564143361106
1147.34806025 0.00288725341805498
1148.9461112669 0.00339675370537862
1150.5440381776 0.00520134607085699
1152.1418409821 0.00440129522860951
1153.7395196804 0.00206205187033237
1155.3370742725 0.00487495336108514
1156.9345047584 0.000510692588312436
1158.5318111381 0.00559133008909037
1160.1289934116 0.00354204861263289
1161.7260515789 0.00478514110200176
1163.32298564 0.00576738263071447
1164.9197955949 0.00674221533582103
1166.5164814436 0.00721171460464513
1168.1130431861 0.00718263881203412
1169.7094808224 0.00962042809634475
1171.3057943525 0.00909277403887505
1172.9019837764 0.0100398303095119
1174.4980490941 0.0117137892734817
1176.0939903056 0.0114281717520468
1177.6898074109 0.0116299564514123
1179.28550041 0.0120737783161646
1180.8810693029 0.0115544239160206
1182.4765140896 0.0119980237907955
1184.0718347701 0.0114833938675796
1185.6670313444 0.0100159763549625
1187.2621038125 0.00475528844268634
1188.8570521744 0.00592616762015187
1190.4518764301 0.0059085070442351
1192.0465765796 0.00023553609425934
1193.6411526229 -0.000940237269065785
1195.23560456 -0.000703182777542731
1196.8299323909 0.00116834970402158
1198.4241361156 -0.00046608971480578
1200.0182157341 0.00209142899686762
1201.6121712464 0.00185437067535886
1203.2060026525 0.00208125484084795
1204.7997099524 0.00369045109214159
1206.3932931461 0.00506106205055519
1207.9867522336 0.00367176335893141
1209.5800872149 0.00778437130137378
1211.17329809 0.0114209349029643
1212.7663848589 0.00820548001775584
1214.3593475216 0.0065959133246683
1215.9521860781 0.00612775507709794
1217.5449005284 0.00588980096310441
1219.1374908725 0.00497397490997455
1220.7299571104 0.00564303471050098
1222.3222992421 0.00631179640586035
1223.9145172676 0.00562906942843567
1225.5066111869 0.00584767944338395
1227.098581 0.00674091002981607
1228.6904267069 0.00269456236940245
1230.2821483076 0.00359142268360595
1231.8737458021 0.00359038223090931
1233.4652191904 0.00336555133513273
1235.0565684725 0.000448644117313643
1236.6477936484 0.00179448331058592
1238.2388947181 0.00246758199106224
1239.8298716816 0.00291698191509547
1241.4207245389 0.0011221485094859
1243.01145329 0.00246892205226075
1244.6020579349 0.00246936308508677
1246.1925384736 0.00381660433438525
1247.7828949061 0.00336743986394475
1249.3731272324 0.00269420795122325
1250.9632354525 0.00336828699495488
1252.5532195664 0.0056145167462694
1254.1430795741 0.00561491334158599
1255.7328154756 0.00763679034797187
1257.3224272709 0.00583949077510252
1258.91191496 0.00673786330943588
1260.5012785429 0.00224621321120181
1262.0905180196 0.00606404023637108
1263.6796333901 0.00516550168608509
1265.2686246544 0.00718660540587373
1266.8574918125 0.00875837585928971
1268.4462348644 0.00943077802826277
1270.0348538101 0.00920524755364066
1271.6233486496 0.00875231285205957
1273.2117193829 0.00560759645982493
1274.79996601 0.00627650126448102
1276.3880885309 0.00649684682976181
1277.9760869456 0.00940320765576904
1279.5639612541 0.00581773105265522
1281.1517114564 0.00558915186822109
1282.7393375525 0.00201052574615724
1284.3268395424 0.00200888225031681
1285.9142174261 -0.00223008249599661
1287.5014712036 -0.00401017891514838
1289.0886008749 -0.00645606322034801
1290.67560644 -0.00822922521581859
1292.2624878989 -0.00689071062054467
1293.8492452516 -0.00666451634080306
1295.4358784981 -0.00666126074567493
1297.0223876384 -0.00798839116118552
1298.6087726725 -0.0082053537820777
1300.1950336004 -0.00376669442489693
1301.7811704221 -0.0035424637622133
1303.3671831376 -0.00398187529801649
1304.9530717469 -0.00221070042666252
1306.53883625 -0.00309222906614564
1308.1244766469 -0.000662152876697145
1309.7099929376 -0.00462863879182439
1311.2953851221 -0.00550241683955013
1312.8806532004 -0.00615309250378127
1314.4657971725 -0.00548551198542822
1316.0508170384 -0.00525832923717181
1317.6357127981 -0.00809433706437291
1319.2204844516 -0.00960984702607983
1320.8051319989 -0.00719671377923462
1322.38965544 -0.00783765452774356
1323.9740547749 -0.00521676556177971
1325.5583300036 -0.00868059132225274
1327.1424811261 -0.000216735100008658
1328.7265081424 -0.00476007487064183
1330.3104110525 -0.00216087944334613
1331.8941898564 -0.00496316929111262
1333.4778445541 -0.00452602477639175
1335.0613751456 -0.00409027231521296
1336.6447816309 -0.00322633451209612
1338.22806401 -0.00214956928320599
1339.8112222829 -0.00300978480238046
1341.3942564496 -0.00193661472855249
1342.9771665101 0.000431108835282976
1344.5599524644 -0.00583900473418576
1346.1426143125 -0.00043439896858619
1347.7251520544 -0.00305665243047283
1349.3075656901 -0.00307919601715638
1350.8898552196 0.000443625041030189
1352.4720206429 -0.00134304687768194
1354.05406196 0.000678049624358299
1355.6359791709 -0.00091254902261619
1357.2177722756 -0.000690688804611481
1358.7994412741 -0.000928820619131121
1360.3809861664 -0.00163611204271766
1361.9624069525 -0.000704018776052094
1363.5437036324 -0.00211661803338045
1365.1248762061 -0.00188094585738139
1366.7059246736 0.00375341934844032
1368.2868490349 -0.000467601650901892
1369.86764929 -0.00209723035806511
1371.4483254389 -0.00278612357163211
1373.0288774816 -0.00161880274961647
1374.6093054181 -0.00368655971937539
1376.1896092484 -0.00390258814167859
1377.7697889725 -0.00457795429340072
1379.3498445904 -0.00502743928447933
1380.9297761021 -0.00273770644154131
1382.5095835076 -0.00113890210493398
1384.0892668069 -0.00409083695783645
1385.668826 -0.00339880083002578
1387.2482610869 -0.000225913676546449
1388.8275720676 -0.00157513980888921
1390.4067589421 0.000448391716940116
1391.9858217104 0.00401855687364759
1393.5647603725 0.00111146958671751
1395.1435749284 0.00530872476652514
1396.7222653781 0.00484178618175952
1398.3008317216 0.00131478041744709
1399.8792739589 0.00283631883153935
1401.45759209 0.00304157013161632
1403.0357861149 0.00389569711389166
1404.6138560336 0.00409138483832495
1406.1918018461 0.003429130122152
1407.7696235524 0.000426378929787729
1409.3473211525 0.000211928109609785
1410.9248946464 0.00252800713010505
1412.5023440341 -0.000838238830770595
1414.0796693156 0.000416736008416015
1415.6568704909 0.00207262706385842
1417.23394756 -0.00288774773863497
1418.8109005229 -0.00451753998801676
1420.3877293796 -0.0022485946859184
1421.9644341301 -0.000203731395980392
1423.5410147744 0.000811774477360866
1425.1174713125 0.00262988530199957
1426.6938037444 0.00141227363901764
1428.2700120701 0.000402573426149704
1429.8460962896 0.000803371710095416
1431.4220564029 0.000200507548857078
1432.99789241 0.00140153201154715
1434.5736043109 0.00559881973660098
1436.1491921056 0.00658899291156989
1437.7246557941 0.00757820685659618
1439.2999953764 0.00258880532250975
1440.8752108525 0.00218803053638491
1442.4503022224 0.00337706191799542
1444.0252694861 0.00158759741780492
1445.6001126436 0.00277383130603269
1447.1748316949 0.00296810804691324
1448.74942664 0.00355623067468334
1450.3238974789 0.00138107894473003
1451.8982442116 -0.00137895383298845
1453.4724668381 -0.00059031775985812
1455.0465653584 -0.00589708578925454
1456.6205397725 -0.00255346973520762
1458.1943900804 -0.00431830903418045
1459.7681162821 -0.00647569119041761
1461.3417183776 -0.00313850650321145
1462.9151963669 -0.00412061290293769
1464.48855025 -0.00412095034020262
1466.0617800269 -0.00490796398850017
1467.6348856976 -0.00510568422715032
1469.2078672621 -0.00589417609434338
1470.7807247204 -0.00609035543582123
1472.3534580725 -0.00510768094369222
1473.9260673184 -0.00549923912430051
1475.4985524581 -0.00451669978776428
1477.0709134916 -0.00392594354308125
1478.6431504189 -0.00608243575076177
1480.21526324 -0.00392071596784156
1481.7872519549 -0.00548489119482649
1483.3591165636 -0.00724102349577337
1484.9308570661 -0.00293380961646394
1486.5024734624 -0.00488659694165154
1488.0739657525 -0.00351717724281977
1489.6453339364 -0.00273417689024651
1491.2165780141 -0.00214743635450658
1492.7876979856 -0.0025360787956087
1494.3586938509 -0.00214442143329906
1495.92956561 -5.54127110521508E-08
1497.5003132629 -0.00175297072141151
1499.0709368096 0.00155734061381428
1500.6414362501 0.0054496068166645
1502.2118115844 0.00369666658637471
1503.7820628125 0.00875481975711888
1505.3521899344 0.00895129150321699
1506.9221929501 0.00642441549358789
1508.4920718596 0.00701174436530638
1510.0618266629 0.00818758478503394
1511.63145736 0.00975591754442159
1513.2009639509 0.00898585643007466
1514.7703464356 0.0105610120002483
1516.3396048141 0.00881536257438018
1517.9087390864 0.00804410468098579
1519.4777492525 0.00727299634528901
1521.0466353124 0.00531591717300594
1522.6153972661 0.00493043193103595
1524.1840351136 0.00612258297095156
1525.7525488549 0.00356290475090412
1527.32093849 0.00138794493375225
1528.8892040189 0.00019864276197498
1530.4573454416 0.000397955338947236
1532.0253627581 -0.000598153991776653
1533.5932559684 -0.00199662163713828
1535.1610250725 -0.00159975822302834
1536.7286700704 -0.00180159536289689
1538.2961909621 -0.000400937161612616
1539.8635877476 -0.00100316736584825
1541.4308604269 -0.000200918450960885
1542.998009 0.00160780585535831
1544.5650334669 0.00342046601524241
1546.1319338276 0.00302075416220238
1547.6987100821 0.00302433210119629
1549.2653622304 0.00161441824965017
1550.8318902725 -0.000808239443304836
1552.3982942084 -0.00040448994986608
1553.9645740381 0.00202492798240896
1555.5307297616 -0.000608074681841044
1557.0967613789 -0.00121766730648011
1558.66266889 -0.000609490855688118
1560.2284522949 -0.00142375002553868
1561.7941115936 -0.00122132444276577
1563.3596467861 -0.00203772138760128
1564.9250578724 -0.00244749705265035
1566.4903448525 -0.00142923377313871
1568.0555077264 0.00347349781206236
1569.6205464941 0.00327252552605431
1571.1854611556 -0.000409437796828458
1572.7502517109 -0.000614903432589094
1574.31491816 0.000820811506786607
1575.8794605029 -0.00123262415793415
1577.4438787396 -0.00123409528924155
1579.0081728701 -0.0012358841402344
1580.5723428944 0.000618776649222906
1582.1363888125 0.00123931778090832
1583.7003106244 0.00227502378055673
1585.2641083301 0.00165750645808789
1586.8277819296 3.82040202502093E-08
1588.3913314229 0.00145522841896487
1589.95475681 0.00520660920233886
1591.5180580909 0.00250419113181489
1593.0812352656 0.00146330772870196
1594.6442883341 0.00523668556884446
1596.2072172964 0.00377719715462334
1597.7700221525 0.00210270053974298
1599.3327029024 0.00379202531967937
1600.8952595461 0.00273817837596488
1602.4576920836 0.00147721026815497
1604.0200005149 0.00211520683537791
1605.58218484 0.0014834499170819
1607.1442450589 -0.000637200835745351
1608.7061811716 0.000851074710491519
1610.2679931781 0.00383911036413606
1611.8296810784 0.000427504233758724
1613.3912448725 0.00278667249678104
1614.9526845604 -0.000644903190931744
1616.5140001421 -0.000863028902617233
1618.0751916176 -0.00194779573310343
1619.6362589869 -0.00217249285268819
1621.19720225 -0.000436240273970816
1622.7580214069 -0.00153418283203862
1624.3187164576 -0.00110166195314002
1625.8792874021 -0.00288282497358094
1627.4397342404 -0.00156358651353323
1629.0000569725 -0.00112672831845296
1630.5602555984 -0.00409646201940874
1632.1203301181 0.00115199186734968
1633.6802805316 -0.00280366642755382
1635.2401068389 -0.00261541075685306
1636.79980904 0.00218352169648849
1638.3593871349 -0.0057169137534271
1639.9188411236 -0.00255560665841797
1641.4781710061 -0.00501634785985899
1643.0373767824 -0.00410795190406396
1644.5964584525 -0.00828047777374411
1646.1554160164 -0.00867077061042223
1647.7142494741 -0.00724064661324504
1649.2729588256 -0.0103155756303138
1650.8315440709 -0.00777680796144933
1652.39000521 -0.00602901137546695
1653.9483422429 -0.0108937507163411
1655.5065551696 -0.00606055464337328
1657.0646439901 -0.0107131641944875
1658.6226087044 1.24429566567475E-08
1660.1804493125 -0.00595053450986559
1661.7381658144 0.00874566581771475
1663.2957582101 0.00125709926152813
1664.8532264996 0.0155468383270028
1666.4105706829 0.0188807638253339
1667.96779076 0.0209991359921398
1669.5248867309 0.0216291630949737
1671.0818585956 0.0177267516189197
1672.6387063541 0.0282828933749525
1674.1954300064 0.038943755530945
1675.7520295525 0.0264028397388806
1677.3085049924 0.0400474112624524
1678.8648563261 0.0198902975119729
1680.4210835536 0.034327283607137
1681.9771866749 0.00128301930226261
1683.53316569 0.00936514481883384
1685.0890205989 -0.00417991725863268
1686.6447514016 -0.00144576446127264
1688.2003580981 -0.00449652306518387
1689.7558406884 -0.00464621862489025
1691.3111991725 -0.0127967103533999
1692.8664335504 -0.0131788226253216
1694.4215438221 -0.003389840811403
1695.9765299876 -0.00695764475965757
1697.5313920469 -0.00356776819854766
1699.08613 0.00365121026711995
1700.6407438469 -0.00560036995083851
1702.1952335876 0.0304670902553601
1703.7495992221 -0.0155326947881893
1705.3038407504 0.0335874828736554
1706.8579581725 0.00402162626836876
1708.4119514884 0.0367359276908502
1709.9658206981 0.297086165907033
1711.5195658016 -0.535082431780374
1713.0731867989 0.491668149660213
1714.62668369 -0.333425472169464
1716.1800564749 -0.333425472169464
